Floris Fok 
2018/12/15      At: 3:46:53
 
 
 The params where: 
1.Data = ISIC
2.RandomSeed = 7
3.img_size_x = 224
4.img_size_y = 224
5.norm = False
6.color = True
7.pretrain = None
8.equal_data = False
9.shuffle = True
10.epochs = 50
11.val_size = 300
12.test_size = 400
13.Batch_size = 16 
 
 
 The results where: 
1.score = 0.8108076981982996
2.acc_epoch = [0.5024461839530333, 0.5024461838947117, 0.5024461838947117, 0.5024461838363902, 0.5024461839821941, 0.5024461839530333, 0.5024461840113549, 0.5024461839530333, 0.5024461840696764, 0.5024461838363902, 0.5024461838363902, 0.5024461838363902, 0.5024461838363902, 0.5024461838947117, 0.5024461839530333, 0.5024461839821941, 0.5024461838363902, 0.702054794520548, 0.8023483364782688, 0.8419765165174078, 0.8380626221925546, 0.8488258318191871, 0.8669275930716334, 0.8752446185119465, 0.8732876713495199, 0.8909001955780731, 0.8820939333471534, 0.8889432485322897, 0.9031311153432394, 0.9114481409001957, 0.8948140901362126, 0.9134050879459792, 0.9050880625056661, 0.9134050880626223, 0.9080234832493059, 0.9256360079444318, 0.9393346378481318, 0.9143835616438356, 0.9212328768289719, 0.915362035341692, 0.9373776909189915, 0.949119373776908, 0.9143835616438356, 0.9094911938544122, 0.9432485322896281, 0.9290606653620352, 0.9427592956156646, 0.9486301368696582, 0.9310176126411049, 0.9222113501768989]
3.val_acc_epoch = [0.49333333373069765, 0.49333333373069765, 0.49333333373069765, 0.49333333373069765, 0.49333333373069765, 0.49333333373069765, 0.49333333373069765, 0.49333333373069765, 0.49333333373069765, 0.49333333373069765, 0.49333333373069765, 0.49333333373069765, 0.49333333373069765, 0.49333333373069765, 0.49333333373069765, 0.49333333373069765, 0.49333333373069765, 0.7066666674613953, 0.7133333325386048, 0.693333334128062, 0.693333334128062, 0.6766666674613953, 0.7133333325386048, 0.7333333341280619, 0.7266666674613953, 0.7099999992052713, 0.7400000007947286, 0.6066666674613953, 0.7166666674613953, 0.7499999992052714, 0.696666665871938, 0.7366666674613953, 0.7233333341280619, 0.7199999992052714, 0.6433333341280619, 0.74, 0.7300000007947286, 0.7099999992052713, 0.7066666666666667, 0.7000000007947286, 0.7166666674613953, 0.7333333325386048, 0.7233333333333334, 0.7233333341280619, 0.7166666674613953, 0.7133333341280619, 0.7100000007947286, 0.6799999992052714, 0.7100000007947286, 0.7200000007947286]
4.loss_epoch = [0.7100049026325024, 0.7020191925845735, 0.6966633109663797, 0.6915975890747489, 0.686556505363748, 0.6816937789291785, 0.6766526293148033, 0.6714711828474429, 0.6667305698833353, 0.6618915070759573, 0.6560293574855752, 0.6512067776370188, 0.6460389436574365, 0.6403565391635708, 0.6355339336535235, 0.630041163611552, 0.6242436514675267, 0.6198943271329025, 0.612473047876078, 0.6055019586520186, 0.6043170593722692, 0.598066621680549, 0.5914251659714312, 0.585578500524659, 0.5811630521268527, 0.5728757204141636, 0.5712893503752706, 0.564839363448074, 0.5558794903661873, 0.5486647998750093, 0.5506348287989249, 0.5402824268649002, 0.5399238662010536, 0.5324534871223622, 0.5287208255023172, 0.5181316651710092, 0.5063065968147696, 0.5150126688284417, 0.5080382220899056, 0.5068046590003482, 0.49243860876956796, 0.4800611136594164, 0.4938426908331608, 0.4957825948580837, 0.4722230899240639, 0.47678885837823676, 0.4649022307297955, 0.45715179578665416, 0.4661454655186304, 0.46710206676136024]
5.vall_loss_epoch = [0.7084387016296386, 0.7035561283429463, 0.6993192768096924, 0.6961821015675863, 0.696531035900116, 0.6884773254394532, 0.686070183912913, 0.6829331334431966, 0.6808260941505432, 0.678380122979482, 0.6712104447682699, 0.6695742225646972, 0.6665213020642599, 0.6626892733573914, 0.6562251758575439, 0.6604798324902852, 0.6525642323493958, 0.6480175614356994, 0.6427991795539856, 0.643166233698527, 0.6484004147847493, 0.6429974834124247, 0.6402291735013326, 0.6295179112752278, 0.628572027683258, 0.6297793706258138, 0.6263345948855082, 0.6675132719675699, 0.621631244023641, 0.6134431680043538, 0.632542594273885, 0.6187267176310222, 0.6167510557174682, 0.6098644375801087, 0.6538627521197001, 0.6031308722496033, 0.6072468479474386, 0.6068293285369873, 0.6116424028078715, 0.6125560665130615, 0.606821087996165, 0.5979514344533284, 0.5961564660072327, 0.5971254189809163, 0.5986115121841431, 0.5967710200945536, 0.5986475253105163, 0.6197994995117188, 0.5926476820309957, 0.5905558896064759]
6.data_name = two_combined
7.method = kaggleDR
8.style = FT
Figure name: 
C:\Users\Flori\Documents\GitHub\t2018_12_15_RUNEXPERIMENT_FigureACC0346.png
C:\Users\Flori\Documents\GitHub\t2018_12_15_RUNEXPERIMENT_FigureLOSS&ACC0346.png