Floris Fok 
2018/12/17      At: 15:33:15
 
 
 The params where: 
1.Data = ISIC
2.data_name = two
3.style = FT
4.model = kaggleDR
5.file_path = C:\ISIC
6.pickle_path = C:\pickles\save_melanoom_color_
7.model_path = C:\models\Epochs_50_Chest.json
8.RandomSeed = 7
9.doc_path = C:\Users\Flori\Documents\GitHub\t
10.img_size_x = 224
11.img_size_y = 224
12.norm = False
13.color = True
14.pretrain = None
15.equal_data = False
16.shuffle = True
17.epochs = 50
18.val_size = 300
19.test_size = 400
20.Batch_size = 16 
 
 
 The results where: 
1.score = 0.8147974976305048
2.acc_epoch = [0.495596868767897, 0.495596868767897, 0.495596868767897, 0.495596868767897, 0.5454990215264188, 0.6428571427988213, 0.6634050879459792, 0.6805283758504983, 0.7059686888454012, 0.7142857142857143, 0.7245596867718108, 0.7367906067702635, 0.7392367904900105, 0.7504892366739635, 0.7578277886497065, 0.7695694716242661, 0.7671232876712328, 0.7739726026230829, 0.781311154715469, 0.775440313111546, 0.7891389432485323, 0.796477494990989, 0.7876712328767124, 0.7876712329933555, 0.8023483365949119, 0.8072407046176217, 0.8101761253612615, 0.8214285715452145, 0.8170254404297547, 0.8282778864970646, 0.8336594910770946, 0.839041095890411, 0.8375733856352341, 0.8551859099804305, 0.8478473580046876, 0.8483365947952942, 0.8600782780031402, 0.8698630138152733, 0.8683953034434533, 0.8595890409792473, 0.854696673306467, 0.87720156555773, 0.8938356164383562, 0.9031311154598826, 0.8718199608610567, 0.9021526419953124, 0.9070450097847358, 0.910958904109589, 0.9168297455968689, 0.9290606654786784]
3.val_acc_epoch = [0.5166666674613952, 0.5166666674613952, 0.5166666674613952, 0.5166666674613952, 0.6100000007947286, 0.6333333325386047, 0.6266666674613952, 0.6633333333333333, 0.6433333333333333, 0.676666665871938, 0.7000000007947286, 0.71, 0.7233333325386048, 0.7166666658719381, 0.7266666658719381, 0.7366666658719381, 0.7399999992052714, 0.7399999992052714, 0.7266666658719381, 0.7166666674613953, 0.7499999992052714, 0.7233333333333334, 0.7333333333333333, 0.7133333341280619, 0.7266666666666667, 0.6733333333333333, 0.6866666674613953, 0.7566666666666667, 0.7399999992052714, 0.7533333333333333, 0.7566666658719381, 0.7400000007947286, 0.6966666674613953, 0.7333333333333333, 0.7666666666666667, 0.7400000007947286, 0.7566666674613952, 0.76, 0.6866666674613953, 0.6400000007947286, 0.6500000007947286, 0.7366666658719381, 0.77, 0.586666665871938, 0.7633333341280619, 0.7666666658719381, 0.74, 0.7533333333333333, 0.7733333341280619, 0.75]
4.loss_epoch = [0.7001914814726947, 0.6814739714629963, 0.6716239848948738, 0.6603216038991327, 0.652878704952867, 0.6436136916658883, 0.6355759067544732, 0.6281178124730135, 0.6232033934145291, 0.6171101286219991, 0.6101585726915274, 0.6035191549713598, 0.6017919580530514, 0.5942778436871657, 0.5898000743757722, 0.5834595641511294, 0.5788343163852355, 0.5744877851872529, 0.5700749043382544, 0.5691585363473911, 0.5628376401333893, 0.558427976535491, 0.5574925615362925, 0.5545857366750385, 0.5458352044370544, 0.5401011114601053, 0.5375674487676639, 0.5291037567091081, 0.5288045405175121, 0.521339827729298, 0.5138211922752881, 0.5075599219934348, 0.5073669956971522, 0.49444532907639, 0.4929860767319711, 0.4927769874873227, 0.48208815588409887, 0.4712822821042309, 0.46984547738226423, 0.475185432604381, 0.47577717427871463, 0.4571715136680118, 0.44036641215391586, 0.4341326466745126, 0.45024364632636366, 0.4287104982802546, 0.42057159391401333, 0.4098725284498965, 0.40480328055277265, 0.39138625226841983]
5.vall_loss_epoch = [0.6818928535779317, 0.6703661608695984, 0.6642772420247396, 0.6555232040087382, 0.6528403147061665, 0.6491093571980794, 0.6549310986200968, 0.6305379629135132, 0.6449527605374654, 0.6248507062594096, 0.6248660937945048, 0.6272929390271504, 0.6072443318367005, 0.6075082707405091, 0.6144863708813986, 0.5952751739819845, 0.5967509873708089, 0.5914765556653341, 0.5895569666226705, 0.6045931879679362, 0.5811556569735209, 0.5859742403030396, 0.5951009559631347, 0.6012563157081604, 0.5897958715756734, 0.6251074139277141, 0.6037696965535482, 0.5669825673103333, 0.5741494822502137, 0.5629835796356201, 0.5596139367421468, 0.5688079913457235, 0.5969040624300639, 0.5823618149757386, 0.5589718874295553, 0.5641066177686056, 0.5583906785647075, 0.5587351377805074, 0.5995433020591736, 0.660276734828949, 0.6397752118110657, 0.5620422220230102, 0.543932257493337, 0.6843152944246927, 0.5422133620580037, 0.5418865199883779, 0.5466175627708435, 0.5485836720466614, 0.5310768429438273, 0.552582844098409]
6.data_name = two
7.method = kaggleDR
8.style = FT
Figure name: 
C:\Users\Flori\Documents\GitHub\t2018_12_17_RUNEXPERIMENT_FigureLOSS&ACC01533.png
 NONE 