Floris Fok 
2018/12/14      At: 1:8:26
 
 
 The params where: 
1.Data = ISIC
2.RandomSeed = 7
3.img_size_x = 224
4.img_size_y = 224
5.norm = False
6.color = True
7.pretrain = None
8.equal_data = False
9.shuffle = True
10.epochs = 50
11.val_size = 300
12.test_size = 400
13.Batch_size = 16 
 
 
 The results where: 
1.score = 0.9140420999332106
2.acc_epoch = [0.5318003915060756, 0.5684931506849316, 0.6110567514677103, 0.62573385518591, 0.6423679061831793, 0.6638943247949074, 0.693248532172985, 0.7172211349127111, 0.7451076320939335, 0.7651663405088063, 0.782289628063396, 0.795009784619169, 0.807729941174942, 0.8204500979640013, 0.8336594910770946, 0.8385518592164475, 0.8478473580046876, 0.8517612525628271, 0.855675146654394, 0.8610567515843535, 0.8693737769080235, 0.87964774939412, 0.878669276046193, 0.8860078276720066, 0.8904109590207527, 0.8948140899029263, 0.9026418785526328, 0.9070450097847358, 0.9168297457135121, 0.9212328768289719, 0.9246575343632185, 0.9344422701753515, 0.9354207437565648, 0.9349315067326719, 0.9427592953823783, 0.9363992172211351, 0.947651663288445, 0.9525440313111546, 0.942270058825058, 0.952054794520548, 0.954990215380831, 0.9491193738935512, 0.9540117416829745, 0.9711350293542075, 0.9608610567514677, 0.966242661564784, 0.9510763210559777, 0.9530332681017613, 0.9789628180039139, 0.9569471624266145]
3.val_acc_epoch = [0.49666666666666665, 0.5466666662693024, 0.57, 0.6133333325386048, 0.6366666658719381, 0.6533333341280619, 0.67, 0.6966666666666667, 0.7566666658719381, 0.7799999992052714, 0.7999999992052714, 0.806666665871938, 0.8266666674613953, 0.8399999992052714, 0.8466666674613953, 0.8566666674613953, 0.8366666666666667, 0.8600000007947286, 0.8733333341280619, 0.8766666666666667, 0.87, 0.8766666666666667, 0.8833333341280619, 0.8633333325386048, 0.8633333341280619, 0.8766666666666667, 0.8499999992052714, 0.8899999992052714, 0.8900000007947286, 0.8966666666666666, 0.8700000007947286, 0.89, 0.88, 0.88, 0.7266666674613953, 0.8933333333333333, 0.75, 0.9066666666666666, 0.8399999992052714, 0.8833333341280619, 0.9, 0.9000000007947286, 0.8700000007947286, 0.9133333333333333, 0.8966666666666666, 0.9066666666666666, 0.86, 0.9133333333333333, 0.9033333333333333, 0.8866666666666667]
4.loss_epoch = [0.6928652619429064, 0.6922019382978839, 0.6913489522066135, 0.6903091115027724, 0.6889605502326428, 0.6870469047365356, 0.6843652801037768, 0.6812544383414804, 0.67757888724426, 0.673698849057498, 0.6695186685909263, 0.6655186007634067, 0.6609178456075038, 0.6561463659523518, 0.6511860398863626, 0.6463775413143659, 0.6411712436760009, 0.6365064828129897, 0.6312420926915223, 0.6248220871339338, 0.6193964583999724, 0.6117630694243773, 0.6061075742697296, 0.5990912733479256, 0.5909018837309163, 0.5845021120256174, 0.5753459301713395, 0.5662470406282205, 0.5561817335055999, 0.5465013523624368, 0.5356534286721112, 0.5230499810435301, 0.5127667605643637, 0.501365754818963, 0.4879576896268094, 0.4793293396787401, 0.46293021566480574, 0.44605886306314785, 0.4417280782808763, 0.42372966955785885, 0.4067580161612561, 0.39756661181113956, 0.3797789987052723, 0.3531829778928813, 0.34594924441755637, 0.3288758440260318, 0.3307233090619985, 0.31564654389472857, 0.2768465121606558, 0.2897629703444278]
5.vall_loss_epoch = [0.6932267355918884, 0.692509229183197, 0.6914307761192322, 0.6900998751322428, 0.6883769758542378, 0.6866393955548604, 0.6842220719655355, 0.6811599445343017, 0.6767678101857503, 0.6723043847084046, 0.6671171220143636, 0.6627391481399536, 0.6574338499704997, 0.6518862628936768, 0.6470124530792236, 0.6408857385317485, 0.6415702112515768, 0.6336301906903585, 0.6253127853075663, 0.6203907370567322, 0.6154478327433268, 0.6082214426994323, 0.6034267624219258, 0.599946744441986, 0.5981406426429748, 0.5852287109692892, 0.5879313055674235, 0.570945508480072, 0.5643700742721558, 0.55308509349823, 0.5528614473342895, 0.5399243354797363, 0.5327836720148722, 0.5248373742898306, 0.5992534240086873, 0.497061695655187, 0.5790092651049296, 0.47205527186393736, 0.5108551553885142, 0.4677552553017934, 0.43998427232106524, 0.43591793537139895, 0.44526950001716614, 0.40132999221483867, 0.40154106497764586, 0.3811641093095144, 0.42679776390393576, 0.3625642025470734, 0.35904870986938475, 0.36269391437371573]
6.data_name = two
7.method = imagenet
8.style = FT
Figure name: 
C:\Users\Flori\Documents\GitHub\t2018_12_14_RUNEXPERIMENT_FigureACC018.png
C:\Users\Flori\Documents\GitHub\t2018_12_14_RUNEXPERIMENT_FigureLOSS&ACC018.png