Floris Fok 
2018/12/23      At: 19:57:17
 
 
 The params where: 
1.Data = Breast
2.data_name = None
3.style = FT
4.model = Chest
5.file_path = C:\breast-ultrasound-image
6.pickle_path = C:\pickles\Breast
7.model_path = {'KaggleDR': 'C:\\models\\Epochs_50_kaggleDR.json', 'Chest': 'C:\\models\\Epochs_50_Chest.json', 'CatDog': 'C:\\models\\Epochs_40_CatDog.json'}
8.RandomSeed = 7
9.doc_path = C:\Users\Flori\Documents\GitHub\t
10.img_size_x = 224
11.img_size_y = 224
12.norm = False
13.color = True
14.pretrain = None
15.equal_data = False
16.shuffle = True
17.epochs = 50
18.val_size = 25
19.test_size = 50
20.Batch_size = 6 
 
 
 The results where: 
1.score = 0.9837500000000001
2.acc_epoch = [0.4400000069822584, 0.43428571837288993, 0.4342857199055808, 0.4342857209273747, 0.4342857210976737, 0.4342857226303646, 0.4342857219491686, 0.4342857199055808, 0.4342857210976737, 0.4342857205867767, 0.4342857209273747, 0.43428572143827165, 0.434285717861993, 0.43428571905408586, 0.43428572399275644, 0.4342857199055808, 0.43428571905408586, 0.43428571701049806, 0.4342857185431889, 0.6000000064713614, 0.5657142896311623, 0.5657142916747502, 0.5657142880984715, 0.5657142918450492, 0.5657142857142857, 0.5657142892905644, 0.5657142957619258, 0.5657142901420593, 0.5657142901420593, 0.5657142901420593, 0.5657142867360796, 0.5657142903123583, 0.565714292696544, 0.5657142896311623, 0.565714292696544, 0.5657142923559462, 0.5657142943995339, 0.5657142906529563, 0.5657142916747502, 0.565714293718338, 0.5657142903123583, 0.5657142901420593, 0.5657142887796675, 0.5657142886093685, 0.5657142891202654, 0.5657142896311623, 0.5657142913341522, 0.5657142882687705, 0.565714292696544, 0.5657142908232553]
3.val_acc_epoch = [0.1600000047683716, 0.1600000047683716, 0.1600000047683716, 0.1600000047683716, 0.1600000047683716, 0.1600000047683716, 0.1600000047683716, 0.1600000047683716, 0.1600000047683716, 0.1600000047683716, 0.1600000047683716, 0.1600000047683716, 0.1600000047683716, 0.1600000047683716, 0.1600000047683716, 0.1600000047683716, 0.1600000047683716, 0.1600000047683716, 0.1600000047683716, 0.8399999952316284, 0.8399999952316284, 0.8399999952316284, 0.8399999952316284, 0.8399999952316284, 0.8399999952316284, 0.8399999952316284, 0.8399999952316284, 0.8399999952316284, 0.8399999952316284, 0.8399999952316284, 0.8399999952316284, 0.8399999952316284, 0.8399999952316284, 0.8399999952316284, 0.8399999952316284, 0.8399999952316284, 0.8399999952316284, 0.8399999952316284, 0.8399999952316284, 0.8399999952316284, 0.8399999952316284, 0.8399999952316284, 0.8399999952316284, 0.8399999952316284, 0.8399999952316284, 0.8399999952316284, 0.8399999952316284, 0.8399999952316284, 0.8399999952316284, 0.8399999952316284]
4.loss_epoch = [0.7351831003597804, 0.7324533125332423, 0.7281798015322004, 0.7248170106751578, 0.7215924896512713, 0.7179376636232648, 0.714889599595751, 0.712140418120793, 0.7098119745935713, 0.7073506345067705, 0.7049643465450832, 0.7031734551702227, 0.7015710874966212, 0.7002590274810792, 0.6991066758973258, 0.697277740069798, 0.6962780724252974, 0.6951483167920793, 0.6937695946012225, 0.6926331414495196, 0.6916849040985107, 0.6908907726832798, 0.6900151307242257, 0.6892820194789342, 0.6889381296294076, 0.6886828868729727, 0.6882865824018206, 0.6878629793439592, 0.6874071301732745, 0.6870760083198547, 0.6866918560436793, 0.686452579838889, 0.6863898032052176, 0.6861033984592982, 0.6860596980367388, 0.6857762725012643, 0.6856857207843235, 0.6856048134395054, 0.6854713872500828, 0.6853047861371722, 0.6851387333869934, 0.6851566123962403, 0.6850486724717276, 0.685051498072488, 0.6849269434383938, 0.6848638892173767, 0.6848023625782558, 0.6847857223238264, 0.6847896337509155, 0.6847955220086234]
5.vall_loss_epoch = [0.8368190121650696, 0.8224185347557068, 0.8125943732261658, 0.8017216348648071, 0.7915571022033692, 0.7821708583831787, 0.7716091537475586, 0.763806836605072, 0.7572157406806945, 0.7491497564315795, 0.7402365708351135, 0.7332223081588745, 0.7282669448852539, 0.7224652862548828, 0.7135034966468811, 0.7091198992729187, 0.7067289447784424, 0.6993646168708801, 0.6936929655075074, 0.6886098551750183, 0.6839775896072388, 0.6773369407653809, 0.6730164051055908, 0.6691193103790283, 0.6666317343711853, 0.6651304221153259, 0.6621450543403625, 0.6592503547668457, 0.6559115433692932, 0.6511955666542053, 0.6481472420692443, 0.6472916650772095, 0.6454882478713989, 0.6441810488700866, 0.6405378746986389, 0.6379866933822632, 0.6390981388092041, 0.6376588129997254, 0.6360244727134705, 0.6332073903083801, 0.6314118766784668, 0.6315174508094787, 0.6291360855102539, 0.6291573643684387, 0.6275215339660645, 0.6254712128639222, 0.6241938877105713, 0.6247793412208558, 0.6244566750526428, 0.6226297616958618]
Figure name: 
C:\Users\Flori\Documents\GitHub\figs\2018_12_23_RUNEXPERIMENT_FigureLOSS&ACC01957.png
 NONE 