Floris Fok 
2018/12/26      At: 12:4:2
 
 
 The params where: 
1.Data = Breast
2.data_name = None
3.style = FT
4.model = imagenet
5.file_path = C:\breast-ultrasound-image
6.pickle_path = C:\pickles\Breast
7.model_path = {'KaggleDR': 'C:\\models\\Epochs_50_kaggleDR.json', 'Chest': 'C:\\models\\Epochs_50_Chest.json', 'CatDog': 'C:\\models\\Epochs_40_CatDog.json'}
8.RandomSeed = 2
9.doc_path = C:\Users\Flori\Documents\GitHub\t
10.img_size_x = 224
11.img_size_y = 224
12.norm = False
13.color = True
14.pretrain = None
15.equal_data = False
16.shuffle = True
17.epochs = 50
18.val_size = 25
19.test_size = 50
20.Batch_size = 6 
 
 
 The results where: 
1.score = 1.0
2.acc_epoch = [0.5257142909935543, 0.5885714321477072, 0.6514285748345511, 0.6800000022138868, 0.6514285717691694, 0.6400000061307635, 0.7542857084955488, 0.7885714309556143, 0.8628571377481733, 0.9028571374075753, 0.9142857101985387, 0.9257142809459141, 0.9314285632542202, 0.9257142789023263, 0.9428571360451835, 0.9485714244842529, 0.9199999986376082, 0.9485714244842529, 0.9542857088361467, 0.8971428578240531, 0.554285717861993, 0.9085714217594691, 0.845714282648904, 0.9028571374075753, 0.9257142809459141, 0.9085714217594691, 0.9599999972752162, 0.9314285693849836, 0.9657142836706979, 0.9714285680225917, 0.9314285704067775, 0.9542857108797346, 0.942857142175947, 0.9714285700661796, 0.9714285680225917, 0.9714285680225917, 0.9714285721097674, 0.9257142845221928, 0.7600000020435879, 0.9714285680225917, 0.9714285680225917, 0.9714285700661796, 0.9714285680225917, 0.9714285680225917, 0.9771428564616612, 0.9942857136045183, 0.9885714272090367, 0.9885714272090367, 0.9942857136045183, 1.0]
3.val_acc_epoch = [0.5200000047683716, 0.5200000047683716, 0.5600000047683715, 0.6000000095367432, 0.6800000047683716, 0.6800000047683716, 0.7200000095367431, 0.8399999952316284, 0.8399999952316284, 0.88, 0.9199999904632569, 0.9599999952316284, 1.0, 0.88, 0.9599999952316284, 0.9599999952316284, 1.0, 0.76, 1.0, 0.5200000071525573, 0.8799999856948852, 0.8799999856948852, 0.8399999952316284, 0.9199999904632569, 1.0, 1.0, 1.0, 1.0, 1.0, 1.0, 1.0, 1.0, 1.0, 1.0, 1.0, 1.0, 1.0, 0.560000011920929, 1.0, 1.0, 1.0, 1.0, 1.0, 1.0, 1.0, 1.0, 1.0, 1.0, 1.0, 1.0]
4.loss_epoch = [1.3863292912074499, 1.3855978420802526, 1.3847104685647147, 1.3834265409197126, 1.3816341597693307, 1.3773984289169312, 1.3727281767981394, 1.3675754846845354, 1.3623739787510463, 1.3560752916336059, 1.350822549547468, 1.3442350660051618, 1.3369828013011387, 1.331991868019104, 1.3229033885683332, 1.316843901361738, 1.3136774458203997, 1.3027003976276943, 1.2966934980664935, 1.2992514766965593, 1.3671023334775652, 1.2952204237665448, 1.300281216757638, 1.2823852239336286, 1.2707349198205131, 1.2659163570404053, 1.2483768630027772, 1.2474513101577758, 1.2286450345175608, 1.218060267993382, 1.2200337059157236, 1.2051010526929582, 1.2022320311410086, 1.1785783590589252, 1.1668416895185199, 1.1547940618651253, 1.1424472209385463, 1.1521873821531023, 1.2206349842888968, 1.1109022678647722, 1.098011428628649, 1.0855266519955227, 1.0729575616972786, 1.060349806376866, 1.0474557665416173, 1.0343494834218707, 1.0211361258370535, 1.0075964682442802, 0.9938736227580479, 0.9799786445072719]
5.vall_loss_epoch = [0.6932770085334777, 0.6929815101623535, 0.6924723291397095, 0.691529986858368, 0.6892430782318115, 0.6871867108345032, 0.6843740582466126, 0.6814154243469238, 0.6780878329277038, 0.6789237809181213, 0.6715020608901977, 0.6676150178909301, 0.6648061275482178, 0.6630643129348754, 0.6562689709663391, 0.6519144225120544, 0.647317488193512, 0.6666097569465638, 0.6405348157882691, 0.6956069374084473, 0.6504814624786377, 0.6470220279693604, 0.6503774213790894, 0.6370923662185669, 0.6269724082946777, 0.6218534231185913, 0.6157337880134582, 0.6115744638442994, 0.6062072205543518, 0.6013000631332397, 0.59665607213974, 0.5913388442993164, 0.5863836741447449, 0.5805990242958069, 0.5746263408660889, 0.5686824250221253, 0.5625489020347595, 0.6807297945022583, 0.5526895380020141, 0.5463474535942078, 0.5399377393722534, 0.5335276460647583, 0.5270920729637146, 0.5204857993125915, 0.5139382958412171, 0.5070458555221558, 0.5002228665351868, 0.4932070827484131, 0.48609031200408936, 0.4788939785957336]
Figure name: 
C:\Users\Flori\Documents\GitHub\figs\2018_12_26_RUNEXPERIMENT_FigureLOSS&ACC0124.png
 NONE 