Floris Fok 
2018/12/23      At: 20:10:21
 
 
 The params where: 
1.Data = Breast
2.data_name = None
3.style = FT
4.model = KaggleDR
5.file_path = C:\breast-ultrasound-image
6.pickle_path = C:\pickles\Breast
7.model_path = {'KaggleDR': 'C:\\models\\Epochs_50_kaggleDR.json', 'Chest': 'C:\\models\\Epochs_50_Chest.json', 'CatDog': 'C:\\models\\Epochs_40_CatDog.json'}
8.RandomSeed = 7
9.doc_path = C:\Users\Flori\Documents\GitHub\t
10.img_size_x = 224
11.img_size_y = 224
12.norm = False
13.color = True
14.pretrain = None
15.equal_data = False
16.shuffle = True
17.epochs = 50
18.val_size = 25
19.test_size = 50
20.Batch_size = 6 
 
 
 The results where: 
1.score = 0.5543750000000001
2.acc_epoch = [0.4342857199055808, 0.4342857209273747, 0.4342857205867767, 0.4342857204164777, 0.4342857200758798, 0.4342857205867767, 0.4342857199055808, 0.4342857209273747, 0.43428571939468386, 0.4342857205867767, 0.43428571684019907, 0.43428571939468386, 0.4342857204164777, 0.4342857209273747, 0.4342857210976737, 0.4342857204164777, 0.43428571701049806, 0.4342857245036534, 0.43428572143827165, 0.43428571888378686, 0.43428571581840514, 0.43428571803229193, 0.4342857219491686, 0.4342857205867767, 0.4342857205867767, 0.4342857199055808, 0.4971428631033216, 0.5657142901420593, 0.5657142908232553, 0.565714293207441, 0.5657142880984715, 0.5657142918450492, 0.5657142923559462, 0.5657142896311623, 0.565714293888637, 0.5657142906529563, 0.5657142901420593, 0.5657142913341522, 0.5657142908232553, 0.5657142908232553, 0.5657142892905644, 0.565714292866843, 0.5657142947401319, 0.5657142891202654, 0.5657142903123583, 0.5657142903123583, 0.5657142903123583, 0.5657142896311623, 0.5657142880984715, 0.5657142918450492]
3.val_acc_epoch = [0.1600000047683716, 0.1600000047683716, 0.1600000047683716, 0.1600000047683716, 0.1600000047683716, 0.1600000047683716, 0.1600000047683716, 0.1600000047683716, 0.1600000047683716, 0.1600000047683716, 0.1600000047683716, 0.1600000047683716, 0.1600000047683716, 0.1600000047683716, 0.1600000047683716, 0.1600000047683716, 0.1600000047683716, 0.1600000047683716, 0.1600000047683716, 0.1600000047683716, 0.1600000047683716, 0.1600000047683716, 0.1600000047683716, 0.1600000047683716, 0.1600000047683716, 0.1600000047683716, 0.8399999952316284, 0.8399999952316284, 0.8399999952316284, 0.8399999952316284, 0.8399999952316284, 0.8399999952316284, 0.8399999952316284, 0.8399999952316284, 0.8399999952316284, 0.8399999952316284, 0.8399999952316284, 0.8399999952316284, 0.8399999952316284, 0.8399999952316284, 0.8399999952316284, 0.8399999952316284, 0.8399999952316284, 0.8399999952316284, 0.8399999952316284, 0.8399999952316284, 0.8399999952316284, 0.8399999952316284, 0.8399999952316284, 0.8399999952316284]
4.loss_epoch = [0.807473281451634, 0.7984284697260176, 0.7889171082632882, 0.779422972542899, 0.7717481476919992, 0.7639730855396816, 0.7565121710300445, 0.7497104045322963, 0.7442393694605146, 0.7390506676265172, 0.7337682345935277, 0.7290631968634469, 0.7253972441809518, 0.7212916006360736, 0.7181251055853708, 0.7147402327401298, 0.7115123506954738, 0.7088490380559649, 0.7061647020067487, 0.7042747548648289, 0.7022660234996251, 0.7006405006136213, 0.6993506635938372, 0.6971859083856855, 0.6960263855116708, 0.6942396783828735, 0.6931829030173166, 0.6924119646208627, 0.6910977690560477, 0.6906566337176732, 0.6897872958864485, 0.688903271470751, 0.6885301654679434, 0.6881434450830732, 0.6877494427136013, 0.6873815458161491, 0.6870601286206927, 0.6867039210455759, 0.686618699005672, 0.6863418848173959, 0.6862440136500767, 0.686101633140019, 0.685994632584708, 0.6857482504844665, 0.6856429164750235, 0.6854973251479013, 0.6854269204820905, 0.6853872394561767, 0.6852957957131522, 0.6852452891213553]
5.vall_loss_epoch = [0.9994583845138549, 0.9769154977798462, 0.9571101474761963, 0.9387037181854248, 0.9198814678192139, 0.9000399732589721, 0.8816778516769409, 0.8685402607917786, 0.8548688459396362, 0.8415910005569458, 0.8260833621025085, 0.8145458340644837, 0.8017797827720642, 0.7934281778335571, 0.7835467410087585, 0.7708204388618469, 0.7627753901481629, 0.7510227608680725, 0.7439214873313904, 0.7356607270240784, 0.7302816343307496, 0.723689033985138, 0.7139270949363709, 0.7100838327407837, 0.700877022743225, 0.6947703385353088, 0.6910341095924377, 0.6838940358161927, 0.6798698711395263, 0.6758957743644715, 0.6705598497390747, 0.66666268825531, 0.6634460997581482, 0.6615371417999267, 0.6563334536552429, 0.6548297023773193, 0.6511870074272156, 0.647062349319458, 0.6461704587936401, 0.6451513528823852, 0.6434389042854309, 0.6436382007598876, 0.6430321526527405, 0.6403291463851929, 0.6361121821403504, 0.6363678312301636, 0.6358849167823791, 0.635003707408905, 0.6324708580970764, 0.6321111559867859]
Figure name: 
C:\Users\Flori\Documents\GitHub\figs\2018_12_23_RUNEXPERIMENT_FigureLOSS&ACC02010.png
 NONE 