Floris Fok 
2018/12/14      At: 0:26:47
 
 
 The params where: 
1.Data = ISIC
2.RandomSeed = 5
3.img_size_x = 224
4.img_size_y = 224
5.norm = False
6.color = True
7.pretrain = None
8.equal_data = False
9.shuffle = True
10.epochs = 50
11.val_size = 300
12.test_size = 400
13.Batch_size = 16 
 
 
 The results where: 
1.score = 0.8074062500000001
2.acc_epoch = [0.4955968689428617, 0.4955968689428617, 0.495596868767897, 0.5479452053628089, 0.598825831702544, 0.613013698630137, 0.6448140900195695, 0.665362035341692, 0.6800391388266054, 0.7010763209393346, 0.7128180038555727, 0.7230919766332772, 0.7289628180039139, 0.7392367906066536, 0.7539138943248532, 0.7602739724860966, 0.7705479450888363, 0.7862035226215355, 0.8003913894324853, 0.7837573386685023, 0.8008806263397351, 0.8131115461049014, 0.8263209392179949, 0.8204500978473581, 0.8380626221925546, 0.8380626223091977, 0.8429549900986211, 0.8458904109589042, 0.8498043051671142, 0.8507827789816138, 0.8546966730731808, 0.8669275929549902, 0.8718199608610567, 0.8625244619561735, 0.8688845400007736, 0.886986301369863, 0.8776908022316935, 0.8840508806262231, 0.8845401173001866, 0.9070450096680926, 0.8933463796477495, 0.886986301369863, 0.9099804306450189, 0.9187866928759386, 0.9060665362035225, 0.9285714285714286, 0.9275929549902152, 0.8992172211350293, 0.8840508805095799, 0.9275929548735721]
3.val_acc_epoch = [0.5266666658719381, 0.5233333325386047, 0.5199999992052714, 0.543333334128062, 0.5966666666666667, 0.5566666662693024, 0.6366666658719381, 0.6466666658719381, 0.6466666674613952, 0.6699999992052714, 0.6433333333333333, 0.6333333333333333, 0.6866666674613953, 0.6766666666666666, 0.5966666666666667, 0.7233333333333334, 0.6966666666666667, 0.7200000007947286, 0.6933333333333334, 0.7233333341280619, 0.7333333333333333, 0.6899999992052714, 0.7133333333333334, 0.7266666666666667, 0.7166666674613953, 0.7099999992052713, 0.7200000007947286, 0.7166666658719381, 0.6333333341280619, 0.7166666674613953, 0.65, 0.7233333341280619, 0.7266666674613953, 0.7166666666666667, 0.7, 0.7266666674613953, 0.6499999992052714, 0.7266666658719381, 0.6799999992052714, 0.7, 0.6366666658719381, 0.7233333333333334, 0.7166666666666667, 0.7199999992052714, 0.6999999992052715, 0.706666665871938, 0.6733333325386047, 0.6899999996026357, 0.6999999996026357, 0.7166666666666667]
4.loss_epoch = [0.6942784843379504, 0.6936429100960435, 0.6926603458398942, 0.6853094302744781, 0.6729543438862915, 0.6646163414602411, 0.6522481899905345, 0.6425433919387787, 0.6376080862929909, 0.6260398942430425, 0.6212273265750907, 0.6159916177187881, 0.6123949933192034, 0.6064341992081494, 0.5989237182760891, 0.5944798892024912, 0.5888058648184088, 0.581109119837998, 0.5766897360172757, 0.5799656832288156, 0.5714145422914957, 0.5645290073116698, 0.5570692970561422, 0.5545187289234244, 0.5451068521245819, 0.5458349081634776, 0.5418079517592189, 0.5373045970665732, 0.5320301239037933, 0.5305330431974564, 0.5247230525119431, 0.5193636319991893, 0.514671281009271, 0.5185053844857822, 0.5092709200956117, 0.5007632030666225, 0.499216062215443, 0.49505442223436913, 0.49114200128734464, 0.47824532703410855, 0.48358328433419395, 0.48532567215525707, 0.46694879335899875, 0.4621769708313354, 0.46302036214947934, 0.44845363311105046, 0.4437688601343599, 0.46145535681812266, 0.4693578451346978, 0.4393473132249194]
5.vall_loss_epoch = [0.6921067547798156, 0.6919909699757893, 0.6895153872172037, 0.6827403044700623, 0.6764602955182394, 0.691650676727295, 0.6560253874460856, 0.6541183725992838, 0.6467378902435302, 0.6432287899653116, 0.6439522353808085, 0.6515155220031739, 0.6320088378588359, 0.6347925178209941, 0.6751399922370911, 0.6211621419588724, 0.6198195974032085, 0.6165293463071188, 0.6217911092440287, 0.6164486495653788, 0.6079230109850565, 0.6231896877288818, 0.6088951603571574, 0.6043227251370747, 0.6065663353602091, 0.605778755346934, 0.6090420317649842, 0.6012890179951985, 0.642324177424113, 0.6025748085975647, 0.6427992431322733, 0.5983849294980367, 0.5967856407165527, 0.6046951508522034, 0.6039803957939148, 0.596946538289388, 0.6366310667991638, 0.5966301385561625, 0.6181665587425232, 0.6192349743843079, 0.6513352489471436, 0.596963328520457, 0.594240505695343, 0.5969968581199646, 0.6069651691118876, 0.5925486938158671, 0.626953349908193, 0.6160407876968383, 0.5999075865745545, 0.5865551431973776]
6.data_name = two_combined
7.method = kaggleDR
8.style = FT
Figure name: 
C:\Users\Flori\Documents\GitHub\t2018_12_14_RUNEXPERIMENT_FigureACC0026.png
C:\Users\Flori\Documents\GitHub\t2018_12_14_RUNEXPERIMENT_FigureLOSS&ACC0026.png