Floris Fok 
2018/12/20      At: 20:39:17
 
 
 The params where: 
1.Data = KaggleDR
2.data_name = None
3.style = FT
4.model = None
5.file_path = C:\KaggleDR
6.pickle_path = C:\pickles\KaggleDR
7.model_path = {'Chest': 'C:\\models\\Epochs_50_Chest.json', 'CatDog': 'C:\\models\\Epochs_40_CatDog.json'}
8.RandomSeed = 2
9.doc_path = C:\Users\Flori\Documents\GitHub\t
10.img_size_x = 224
11.img_size_y = 224
12.norm = False
13.color = True
14.pretrain = None
15.equal_data = False
16.shuffle = True
17.epochs = 50
18.val_size = 500
19.test_size = 500
20.Batch_size = 32 
 
 
 The results where: 
1.score = 0.5693151051641623
2.acc_epoch = [0.28385826766960265, 0.2968503936538546, 0.31181102366898006, 0.31653543302393333, 0.33070866141732286, 0.35118110236220473, 0.3409448819366966, 0.3464566929133858, 0.3594488189445706, 0.36653543311779896, 0.36811023617353966, 0.3665354330239334, 0.3779527559055118, 0.37598425192157114, 0.38149606299212596, 0.3905511811023622, 0.3976377952286578, 0.39330708661417324, 0.40866141727590183, 0.4059055118579564, 0.4125984252437832, 0.4074803150075627, 0.4078740157010987, 0.4271653542837759, 0.4267716535902399, 0.43346456697606667, 0.43228346451999633, 0.43818897628408715, 0.43228346451999633, 0.4437007874954404, 0.45708661412629553, 0.47283464562235855, 0.47204724414142096, 0.4807086614642556, 0.481496062992126, 0.48661417313448085, 0.5015748031026735, 0.48346456692913387, 0.49015748036189344, 0.5078740157480315, 0.51889763770141, 0.5129921260781175, 0.5295275590081853, 0.5334645670229995, 0.5421259842519685, 0.5539370079678814, 0.5562992125514924, 0.5598425196850394, 0.5826771652604651, 0.5988188975439297]
3.val_acc_epoch = [0.014, 0.04200000002980232, 0.022000000029802323, 0.09799999952316284, 0.036, 0.056, 0.05000000023841858, 0.036, 0.06200000011920929, 0.06800000023841858, 0.08000000011920928, 0.030000000029802323, 0.08400000023841858, 0.06400000011920928, 0.05800000023841858, 0.07200000002980232, 0.05000000005960464, 0.08, 0.032, 0.060000000059604645, 0.042, 0.15400000047683715, 0.04000000002980232, 0.03400000005960464, 0.09800000011920929, 0.14799999976158143, 0.11200000047683716, 0.06400000023841858, 0.048, 0.026000000029802323, 0.036000000029802325, 0.12600000011920928, 0.10800000047683715, 0.16799999952316283, 0.036000000059604645, 0.08400000023841858, 0.11800000023841858, 0.12400000047683715, 0.03200000002980232, 0.116, 0.03, 0.042, 0.08600000047683716, 0.06200000005960465, 0.068, 0.03200000002980232, 0.060000000029802325, 0.14799999952316284, 0.084, 0.13600000023841857]
4.loss_epoch = [1.4279376760242493, 1.3919411022832076, 1.3815372536501547, 1.3717580977387316, 1.3665659557177325, 1.3583291100704764, 1.3538233486686166, 1.3561891242275088, 1.3455190865073616, 1.336614929972671, 1.3351846959647231, 1.3334612701821515, 1.325914095330426, 1.3230127663124265, 1.3175449468958096, 1.3120622597341463, 1.3075650802747472, 1.3028176367752196, 1.2939865928935255, 1.2893484230116596, 1.2918316336128655, 1.2805184621510544, 1.2742477974553748, 1.2635138145581943, 1.2537824632614616, 1.2537421896701724, 1.2416889002942664, 1.2388552010528684, 1.237073588371277, 1.2211333995728981, 1.216805187172777, 1.2053882180236455, 1.201812331319794, 1.1931745452205027, 1.1785236060150026, 1.1793314257944663, 1.1611183076392948, 1.1655462571016446, 1.1416393540975616, 1.1404760771849023, 1.1196196186260914, 1.116744991174833, 1.0886678622463557, 1.0860572015206644, 1.0825785088726854, 1.0578889265773803, 1.0369629321135874, 1.0423938262181018, 1.0054262251365842, 0.9899330824378907]
5.vall_loss_epoch = [4.462155944824219, 4.595777087211609, 4.811878379821778, 5.218074820518494, 5.245452726364136, 5.453878706932068, 5.684678902626038, 5.520075166702271, 6.045548274040222, 6.034971146583557, 5.981008756637573, 6.273980422019958, 6.632958228111267, 6.666697351455689, 6.903850485801697, 6.482634041786194, 6.997724183082581, 6.960721572875976, 6.811559434890747, 7.441200391769409, 7.090797565460205, 6.555116111755371, 7.397554579734802, 7.757061965942383, 7.164640966415405, 7.09450475692749, 6.917492484092713, 7.5810336475372315, 7.478884449005127, 8.34634761428833, 6.976419914245605, 7.176582311630249, 7.27455131149292, 7.327843925476074, 8.25155495071411, 8.19973470878601, 8.15280345249176, 7.657840684890747, 8.782477685928345, 8.00011257648468, 9.055274925231934, 8.31409266281128, 8.192058448791505, 8.639856176376343, 8.268536533355713, 9.029056928634644, 7.176564950942993, 8.69071270275116, 8.84570864868164, 9.17467036819458]
Figure name: 
C:\Users\Flori\Documents\GitHub\figs\2018_12_20_RUNEXPERIMENT_FigureLOSS&ACC02039.png
 NONE 