Floris Fok 
2018/12/30      At: 7:42:51
 
 
 The params where: 
1.Data = Blood
2.data_name = None
3.style = FT
4.model = imagenet
5.file_path = C:\blood-cells
6.pickle_path = C:\pickles\Blood
7.model_path = {'KaggleDR': 'C:\\models\\Epochs_50_kaggleDR.json', 'Chest': 'C:\\models\\Epochs_50_Chest.json', 'CatDog': 'C:\\models\\Epochs_40_CatDog.json'}
8.RandomSeed = 7
9.doc_path = C:\Users\Flori\Documents\GitHub\t
10.img_size_x = 224
11.img_size_y = 224
12.norm = False
13.color = True
14.pretrain = None
15.equal_data = False
16.shuffle = True
17.epochs = 50
18.val_size = 1500
19.test_size = 2000
20.Batch_size = 32 
 
 
 The results where: 
1.score = 0.9999564193860989
2.acc_epoch = [0.2788685524291749, 0.3934553521511228, 0.45890183029608533, 0.585024958336545, 0.6579034941565376, 0.7041597337704265, 0.7271214642064544, 0.694509151447368, 0.7412090958784635, 0.7306711037490874, 0.7194675540567039, 0.7560732113210876, 0.7521907930829032, 0.7592900721549459, 0.8917359955893975, 0.9541874653355519, 0.9823627287853577, 0.9929007210205214, 0.9896838602329451, 0.9986688851913478, 0.9997781475318913, 1.0, 1.0, 1.0, 1.0, 1.0, 1.0, 1.0, 1.0, 1.0, 1.0, 1.0, 1.0, 1.0, 1.0, 1.0, 1.0, 1.0, 1.0, 1.0, 1.0, 1.0, 1.0, 1.0, 1.0, 1.0, 1.0, 1.0, 1.0, 1.0]
3.val_acc_epoch = [0.34133333357175194, 0.4626666665077209, 0.5033333330949148, 0.6279999998410543, 0.7020000003178914, 0.268, 0.7473333336512248, 0.7473333336512248, 0.744, 0.7580000003178914, 0.7426666669845581, 0.7486666669845581, 0.7573333333333333, 0.8246666671435038, 0.956, 0.95, 0.988, 0.9786666666666667, 0.9926666666666667, 0.992, 0.9966666666666667, 0.9933333333333333, 0.9933333333333333, 0.9946666666666667, 0.994, 0.992, 0.9926666666666667, 0.9906666666666667, 0.9933333333333333, 0.992, 0.9933333333333333, 0.992, 0.9926666666666667, 0.9893333333333333, 0.992, 0.99, 0.9913333333333333, 0.99, 0.9893333333333333, 0.99, 0.99, 0.99, 0.99, 0.9893333333333333, 0.9893333333333333, 0.9893333333333333, 0.9893333333333333, 0.9893333333333333, 0.9893333333333333, 0.99]
4.loss_epoch = [5.539647700690059, 5.518465932792117, 5.4760967899942425, 5.359207022355387, 5.192340160831106, 4.980953301076947, 4.7134174157035265, 4.489696391767352, 3.99511710294934, 3.598028419841612, 3.3370012095287915, 2.6740728412941306, 2.42640593677379, 2.3428484667689684, 1.8108295593669002, 1.4655509557845654, 1.124552625731766, 0.8525731005472933, 0.7015181626138989, 0.4926691332725571, 0.378923922681306, 0.29393645106787425, 0.24141519324057512, 0.19758410039737498, 0.16666879347808083, 0.14291222659469113, 0.12364011014823575, 0.10882348315754138, 0.09689573047065894, 0.08691399431417071, 0.07854976379583758, 0.07154582148945735, 0.06549868754178897, 0.060286441192452404, 0.055805154678247, 0.05185914168003131, 0.04829486972563014, 0.04523060177589745, 0.04243945733902855, 0.03995366935895604, 0.03773018162670694, 0.0356768111648225, 0.03384613695384493, 0.03215444817626668, 0.03062697229199256, 0.02920615087638811, 0.02790658591491807, 0.0267096850684267, 0.025586458708816148, 0.024560494338075983]
5.vall_loss_epoch = [1.3828319505055746, 1.3747982784907022, 1.356867904027303, 1.3181871213912963, 1.2684081325531005, 1.3887785075505574, 1.1336648947397867, 1.0464444767634073, 0.9340346032778422, 0.8179219179153442, 0.7662904424667358, 0.6253676619529724, 0.5538281838099162, 0.5184728554089864, 0.4052708264986674, 0.33638847422599794, 0.24591625746091206, 0.2159235643943151, 0.14627304339408875, 0.11985817309220632, 0.0907882261077563, 0.08366076515118281, 0.06459960756699244, 0.05607244990269343, 0.05006245865424474, 0.046966025372346246, 0.044001615424950916, 0.042179723039269444, 0.037740433906515436, 0.03676686017215252, 0.03418480534354846, 0.03384746133287748, 0.03242793217798074, 0.03309080597758293, 0.031199649922549724, 0.03115870318065087, 0.030288687167068323, 0.03194158507635196, 0.03062236955513557, 0.030139775556822616, 0.02987284434090058, 0.029620590689281624, 0.029084071514507134, 0.03087224673728148, 0.029403005309402944, 0.02854608636846145, 0.02943913782760501, 0.029931735495726267, 0.029135325101514658, 0.029175656208147605]
Figure name: 
C:\Users\Flori\Documents\GitHub\figs\2018_12_30_RUNEXPERIMENT_FigureLOSS&ACC0742.png
 NONE 