Floris Fok 
2018/12/6      At: 16:24:37
 
 
 The params where: 
1.img_size_x = 224
2.img_size_y = 224
3.norm = False
4.color = True
5.pretrain = None
6.equal_data = True
7.shuffle = True
8.epochs = 50
9.val_size = 200
10.test_size = 300
11.Batch_size = 16
12.mela_class = two 
 
 
 The results where: 
1.score = 0.8299479976887861
2.acc_epoch = [0.5463458110516934, 0.5601604278074866, 0.5793226381461676, 0.6221033868092691, 0.6243315508021391, 0.6377005347593583, 0.6466131907308378, 0.6617647058823529, 0.6586452762923352, 0.678698752228164, 0.6760249554367201, 0.6822638146167558, 0.6974153297682709, 0.7014260249554367, 0.698306595365419, 0.7196969696969697, 0.7210338680926917, 0.7370766488413547, 0.7366310160427807, 0.7450980392156863, 0.7629233511586453, 0.7522281639928698, 0.7535650623885918, 0.7633689839572193, 0.7745098039215687, 0.7985739750445633, 0.7700534759358288, 0.7954545454545454, 0.8043672014260249, 0.8141711229946524, 0.8181818181818182, 0.8364527629233511, 0.8431372549019608, 0.8516042780748663, 0.8622994652406417, 0.8578431372549019, 0.874777183600713, 0.8738859180035651, 0.8814616755793226]
3.val_acc_epoch = [0.64, 0.445, 0.585, 0.475, 0.465, 0.525, 0.485, 0.555, 0.53, 0.61, 0.665, 0.555, 0.66, 0.68, 0.695, 0.54, 0.53, 0.67, 0.7, 0.63, 0.69, 0.655, 0.69, 0.6, 0.705, 0.59, 0.675, 0.72, 0.725, 0.61, 0.6, 0.535, 0.71, 0.725, 0.685, 0.705, 0.52, 0.725, 0.73]
4.loss_epoch = [0.6979268498174221, 0.68049811296922, 0.6722972955083252, 0.6554994210202426, 0.6494143463923544, 0.6450285440885234, 0.6287264937598013, 0.6132828730312898, 0.6138473069179079, 0.6017990655227566, 0.6007557292460546, 0.5905703576065853, 0.5701646921681423, 0.5786457035205793, 0.5678685154506867, 0.546979182544239, 0.550154788608857, 0.5429976663806222, 0.5326724222955856, 0.5218689188812718, 0.49544464978729763, 0.4939866597214697, 0.5012653581598864, 0.48114103527736324, 0.4703266297113449, 0.4437748755256972, 0.4865509477741153, 0.4356495226715125, 0.41028869895799064, 0.41633817410086565, 0.39470969694342845, 0.38128508688506807, 0.3580336222780367, 0.34376835719468124, 0.317623526893835, 0.3316879906490737, 0.29088165758446577, 0.3097460041098204, 0.26987734139496844]
5.vall_loss_epoch = [0.6782975101470947, 0.7816278648376465, 0.6642508745193482, 0.7436371397972107, 0.7219568490982056, 0.6798551440238952, 0.7456296396255493, 0.755936484336853, 0.6915005159378051, 0.6373362421989441, 0.6353174042701721, 0.8652145290374755, 0.6320260763168335, 0.6207572364807129, 0.6183469676971436, 0.8385703182220459, 0.8364169383049012, 0.6123847556114197, 0.6251212143898011, 0.6529403495788574, 0.6066702842712403, 0.6415117120742798, 0.5965786719322205, 0.8946395540237426, 0.602339563369751, 0.965546908378601, 0.6222262036800384, 0.6164714336395264, 0.5829940366744996, 0.8501379418373108, 0.8845536065101623, 0.9648742580413818, 0.6412841999530792, 0.6316824555397034, 0.672808723449707, 0.7977015972137451, 1.246783790588379, 0.5939514827728272, 0.6409804463386536]
Figure name: 
C:\Users\Floris\Documents\GitHub\F_2018_12_6_RUNEXPERIMENT_FigureACC01624.png
C:\Users\Floris\Documents\GitHub\F_2018_12_6_RUNEXPERIMENT_FigureLOSS&ACC01624.png