Floris Fok 
2018/12/30      At: 17:34:27
 
 
 The params where: 
1.Data = Blood
2.data_name = None
3.style = FT
4.model = KaggleDR
5.file_path = C:\blood-cells
6.pickle_path = C:\pickles\Blood
7.model_path = {'KaggleDR': 'C:\\models\\Epochs_50_kaggleDR.json', 'Chest': 'C:\\models\\Epochs_50_Chest.json', 'CatDog': 'C:\\models\\Epochs_40_CatDog.json'}
8.RandomSeed = 7
9.doc_path = C:\Users\Flori\Documents\GitHub\t
10.img_size_x = 224
11.img_size_y = 224
12.norm = False
13.color = True
14.pretrain = None
15.equal_data = False
16.shuffle = True
17.epochs = 50
18.val_size = 1500
19.test_size = 2000
20.Batch_size = 32 
 
 
 The results where: 
1.score = 0.83670745790158
2.acc_epoch = [0.260454797556317, 0.32590127566491506, 0.39256794233488757, 0.4437049361992332, 0.4874098724943363, 0.5127010537595532, 0.5313366611335784, 0.546755407587793, 0.5597337770713281, 0.5663893510154135, 0.5748197448828851, 0.5805879089743708, 0.5880199666560126, 0.5972268440825239, 0.6056572378971017, 0.6151968939993293, 0.6146422629083982, 0.6205213532802203, 0.6257348863601155, 0.6380476983401488, 0.6378258458720402, 0.6447032722577875, 0.6521353299956287, 0.6626733222010396, 0.6704381585848443, 0.6698835274145726, 0.6745424292117969, 0.6876317248831044, 0.6907376593903443, 0.7003882417993551, 0.6989462008095423, 0.7070438158426163, 0.7378813089890673, 0.7541874652958815, 0.75019412088976, 0.7534109816244424, 0.7534109816773362, 0.7554076538704795, 0.7582917359492809, 0.7595119245238788, 0.7632834165081738, 0.7595119245238788, 0.7629506378324575, 0.7682750970141727, 0.7714919577753021, 0.7748197448498265, 0.7752634498124908, 0.7789240155627314, 0.778036605584509, 0.7769273432439655]
3.val_acc_epoch = [0.2740000000397364, 0.3, 0.31266666668653487, 0.338, 0.34999999992052716, 0.354, 0.35666666690508525, 0.36133333325386047, 0.3546666665871938, 0.37600000023841856, 0.3920000002384186, 0.3953333332538605, 0.3946666668256124, 0.39933333317438763, 0.39733333349227906, 0.3940000002384186, 0.39866666682561236, 0.4119999998410543, 0.3906666669050852, 0.4059999997615814, 0.44333333309491474, 0.4286666667461395, 0.44933333309491474, 0.45600000007947283, 0.43333333341280617, 0.4473333334128062, 0.4486666668256124, 0.43599999968210856, 0.47466666674613955, 0.4753333334128062, 0.4759999997615814, 0.4853333330949148, 0.5353333338101705, 0.5606666665077209, 0.5453333330154418, 0.5446666663487753, 0.5460000001589457, 0.5746666663487753, 0.5639999997615814, 0.5460000000794729, 0.5553333334128062, 0.5806666671435038, 0.5553333330154419, 0.5526666668256124, 0.5486666671435039, 0.5673333333333334, 0.5786666666666667, 0.5853333333333334, 0.5666666671435038, 0.5726666671435038]
4.loss_epoch = [5.561245910763013, 5.423435286555235, 5.294166401235249, 5.190631896392941, 5.100748770433998, 5.02965850433375, 4.963616059557703, 4.897212624139939, 4.834661064317209, 4.779090791904324, 4.7219073918681636, 4.667225449255818, 4.608904499037029, 4.542535410281756, 4.465550833547109, 4.394118889159649, 4.346610993381613, 4.288309534509779, 4.209680629450945, 4.122592156051069, 4.057869960490823, 3.976482574660713, 3.8905317948119746, 3.785756213811789, 3.684594918831282, 3.6194487248006557, 3.551051890711221, 3.4170582354234047, 3.33178165740459, 3.2305193957393854, 3.1713108758561424, 3.088219181114743, 3.0189823645984735, 2.9576310226802223, 2.910142926619705, 2.849892917052283, 2.82335718597099, 2.753194405327753, 2.708575633017804, 2.663647405055253, 2.590458451756093, 2.5655521134171826, 2.5293669589016745, 2.464390829888173, 2.4095796020442224, 2.3611733520156597, 2.3237093997147107, 2.2786801964193333, 2.261533075904952, 2.230386638932273]
5.vall_loss_epoch = [1.377188722928365, 1.3593525228500367, 1.3540134706497193, 1.3441158345540365, 1.3360725507736206, 1.3344786408742269, 1.328425495783488, 1.324683355331421, 1.3290575462977092, 1.3117611306508383, 1.299837163289388, 1.2937838567097981, 1.2893451789220174, 1.2903261966705322, 1.2826371612548828, 1.276447211265564, 1.280554362932841, 1.2587012999852498, 1.2912337312698363, 1.2774753567377726, 1.215174915631612, 1.2369502712885538, 1.2061908458073933, 1.191279018719991, 1.2116405595143636, 1.1982772645950317, 1.1835957930882772, 1.2189171930948892, 1.1486447022755941, 1.1385579503377279, 1.1504468018213907, 1.1170871006647747, 1.143312863667806, 1.1213004983266195, 1.1181506601969402, 1.1205815070470173, 1.1295172443389894, 1.093451313972473, 1.1012334610621135, 1.1625787550608317, 1.114582823753357, 1.0755592358907065, 1.1403523031870524, 1.118250110944112, 1.1380078115463257, 1.0966512562433879, 1.0877800957361856, 1.0706090428034465, 1.1008374977111817, 1.0798128623962402]
Figure name: 
C:\Users\Flori\Documents\GitHub\figs\2018_12_30_RUNEXPERIMENT_FigureLOSS&ACC01734.png
 NONE 