Floris Fok 
2018/12/14      At: 20:19:58
 
 
 The params where: 
1.Data = ISIC
2.RandomSeed = 2
3.img_size_x = 224
4.img_size_y = 224
5.norm = False
6.color = True
7.pretrain = None
8.equal_data = False
9.shuffle = True
10.epochs = 50
11.val_size = 300
12.test_size = 400
13.Batch_size = 16 
 
 
 The results where: 
1.score = 0.8308170514808538
2.acc_epoch = [0.5004892367906066, 0.5004892367906066, 0.5004892367906066, 0.5004892366739635, 0.5004892367906066, 0.5004892368197674, 0.5004892366739635, 0.5004892367906066, 0.5004892367906066, 0.5004892366739635, 0.5004892368489282, 0.5004892367906066, 0.5004892367906066, 0.5004892366739635, 0.5004892368489282, 0.5004892367906066, 0.5004892367322851, 0.5004892366739635, 0.5004892366739635, 0.5004892367322851, 0.5004892367322851, 0.5004892367906066, 0.5004892367322851, 0.5004892367906066, 0.5004892368489282, 0.5004892367322851, 0.5004892368489282, 0.5004892367906066, 0.5004892366739635, 0.5004892367906066, 0.5004892366739635, 0.5004892367906066, 0.5004892367906066, 0.5004892367322851, 0.5004892367322851, 0.5944227005870841, 0.857632094050107, 0.8835616438356164, 0.894324853345606, 0.9099804304117326, 0.9212328765956856, 0.9324853228962818, 0.9266144814090019, 0.8806262230919765, 0.9427592954990215, 0.9055772994129159, 0.9500978473581213, 0.9647749511929641, 0.9696673190990306, 0.932485323012925]
3.val_acc_epoch = [0.47666666746139524, 0.47666666746139524, 0.47666666746139524, 0.47666666746139524, 0.47666666746139524, 0.47666666746139524, 0.47666666746139524, 0.47666666746139524, 0.47666666746139524, 0.47666666746139524, 0.47666666746139524, 0.47666666746139524, 0.47666666746139524, 0.47666666746139524, 0.47666666746139524, 0.47666666746139524, 0.47666666746139524, 0.47666666746139524, 0.47666666746139524, 0.47666666746139524, 0.47666666746139524, 0.47666666746139524, 0.47666666746139524, 0.47666666746139524, 0.47666666746139524, 0.47666666746139524, 0.47666666746139524, 0.47666666746139524, 0.47666666746139524, 0.47666666746139524, 0.47666666746139524, 0.47666666746139524, 0.47666666746139524, 0.47666666746139524, 0.47666666746139524, 0.6233333333333333, 0.7066666662693024, 0.7699999996026357, 0.6666666674613952, 0.723333332935969, 0.7566666674613952, 0.733333332935969, 0.686666665871938, 0.66, 0.7333333333333333, 0.7399999996026357, 0.7233333325386048, 0.7366666666666667, 0.7433333333333333, 0.7166666658719381]
4.loss_epoch = [0.7025481378495576, 0.6967625381195381, 0.6924391264084967, 0.6885906394913706, 0.6851788417467166, 0.6822776853921595, 0.6791310849255079, 0.6760967617632125, 0.6734186855314296, 0.6695349193132554, 0.6663521116493732, 0.6630324724835659, 0.6601049057891457, 0.6567519080848843, 0.6528350098492348, 0.6486938823225914, 0.6459494663544597, 0.6414971576744797, 0.6374292188194634, 0.6347838322943671, 0.6308238430499097, 0.6257577594479002, 0.623083487998716, 0.6203281269381424, 0.616045855729314, 0.6124016717222106, 0.6076603984412848, 0.6032975947087058, 0.601712986097877, 0.5953043800744059, 0.589319104901032, 0.5890431834526958, 0.5869804290642711, 0.5809626302840425, 0.5801022280219017, 0.5755161192785737, 0.5678034186829792, 0.5677930169142855, 0.5640390690292164, 0.5598933033047357, 0.5549007671686534, 0.5500459786497217, 0.5481993718156609, 0.566442753762415, 0.5385932799887984, 0.5499272653268041, 0.5302388035854482, 0.5213664524592532, 0.5151284089760304, 0.5288466700952347]
5.vall_loss_epoch = [0.7026160804430643, 0.7000561849276224, 0.6970919728279114, 0.6972851626078288, 0.6936924131711324, 0.6934399231274923, 0.6894440293312073, 0.6880547904968262, 0.6921215295791626, 0.6853286639849345, 0.68266810019811, 0.6820975597699483, 0.6814135766029358, 0.6801259509722392, 0.6739645640055338, 0.6724674248695374, 0.670620063940684, 0.672142109076182, 0.6693919348716736, 0.6645133503278097, 0.6633711067835489, 0.6627753305435181, 0.6673204779624939, 0.6652657802899679, 0.6520390645662943, 0.6531658895810445, 0.6519834621747335, 0.6569056709607443, 0.6581064979235332, 0.643812153339386, 0.6676184296607971, 0.6612609434127807, 0.6563324443499248, 0.6396980738639831, 0.6307353218396504, 0.6414153663317362, 0.6328021423021952, 0.6344580181439717, 0.6530813161532084, 0.6243546764055888, 0.6244240697224935, 0.6214578795433044, 0.6443432966868082, 0.6546216265360514, 0.6227648289998372, 0.6160258618990581, 0.6287359468142192, 0.6197447395324707, 0.6094231454531351, 0.6283525005976359]
6.data_name = two
7.method = kaggleDR
8.style = FT
Figure name: 
C:\Users\Flori\Documents\GitHub\t2018_12_14_RUNEXPERIMENT_FigureACC02019.png
C:\Users\Flori\Documents\GitHub\t2018_12_14_RUNEXPERIMENT_FigureLOSS&ACC02019.png