Floris Fok 
2018/12/14      At: 3:16:47
 
 
 The params where: 
1.Data = ISIC
2.RandomSeed = 7
3.img_size_x = 224
4.img_size_y = 224
5.norm = False
6.color = True
7.pretrain = None
8.equal_data = False
9.shuffle = True
10.epochs = 50
11.val_size = 300
12.test_size = 400
13.Batch_size = 16 
 
 
 The results where: 
1.score = 0.862816393384443
2.acc_epoch = [0.5141878668692714, 0.5264187867219201, 0.5410958904692805, 0.5655577299412916, 0.5880626223091977, 0.6046966730731808, 0.6227984343256269, 0.6404109590207527, 0.645303326693533, 0.6506849314485278, 0.6697651663405088, 0.6707436399217221, 0.6785714284547855, 0.6912915850105584, 0.6981409003123379, 0.7010763208226914, 0.719178082308424, 0.7186888455178173, 0.727495107748737, 0.7323874756548036, 0.7441291586293634, 0.7519569472790698, 0.7671232875545897, 0.772504892251263, 0.75684931495185, 0.780821917691576, 0.7842465753424658, 0.7832681016446094, 0.7930528376900287, 0.7979452053628089, 0.795009784619169, 0.8038160470833751, 0.8126223090810085, 0.8331702545197742, 0.836105675146771, 0.8405088061455878, 0.855675146654394, 0.8581213306074273, 0.8625244618395304, 0.8688845400007736, 0.8718199609776999, 0.8850293540907933, 0.8879647748344331, 0.8923679060665362, 0.9045988259483457, 0.9050880627389524, 0.9065557731107723, 0.9080234834825922, 0.9222113502935421, 0.9261252445017522]
3.val_acc_epoch = [0.5400000003973643, 0.546666667064031, 0.5699999996026357, 0.5966666666666667, 0.6166666658719381, 0.6299999992052714, 0.6433333341280619, 0.6400000007947286, 0.6466666674613952, 0.65, 0.6433333325386047, 0.6566666666666666, 0.6800000007947286, 0.6566666674613952, 0.6933333333333334, 0.6833333325386047, 0.683333334128062, 0.7200000007947286, 0.72, 0.7000000007947286, 0.6999999992052715, 0.7366666666666667, 0.7366666666666667, 0.74, 0.7366666658719381, 0.7533333325386047, 0.7366666658719381, 0.7233333333333334, 0.7366666674613953, 0.7600000007947286, 0.7599999992052714, 0.7499999992052714, 0.7633333325386047, 0.6999999996026357, 0.7633333341280619, 0.7766666666666666, 0.7666666658719381, 0.7733333325386047, 0.7666666674613952, 0.7866666674613952, 0.7833333333333333, 0.7733333341280619, 0.7966666666666666, 0.79, 0.7833333333333333, 0.7833333325386047, 0.8066666674613953, 0.8033333333333333, 0.8033333325386047, 0.7833333333333333]
4.loss_epoch = [0.693037382193974, 0.6927594740796695, 0.6923977092287545, 0.691904064610513, 0.6913120808433413, 0.6905433044508246, 0.6896311318804373, 0.6886695748205988, 0.6876664981683407, 0.6864850970163737, 0.6850413176178233, 0.6839248633664649, 0.6824726840287972, 0.6808999863156134, 0.6792601096186852, 0.6775312179921891, 0.6754649764404371, 0.6737680491169371, 0.6715575882366726, 0.6697720136427833, 0.6676391322318822, 0.6652664803478816, 0.6625728111444388, 0.6594842184779696, 0.6589722400075535, 0.6544886774979459, 0.6512322837592571, 0.6479685413860762, 0.6438791052002729, 0.6401932578964009, 0.6385295154297188, 0.6326727131108248, 0.6277768923345144, 0.6200342225001982, 0.6154392450289717, 0.6102725536855933, 0.602417385858099, 0.5961050036602058, 0.5907523773187761, 0.582281100656655, 0.5763821213446018, 0.566215780266577, 0.5589404352257163, 0.5506490618865317, 0.5374828552546567, 0.5295130203381443, 0.5198901346984908, 0.5092331975873435, 0.49264158818819753, 0.4798289038197168]
5.vall_loss_epoch = [0.6927787200609843, 0.6924851282437643, 0.6920053418477377, 0.691462422211965, 0.690750404993693, 0.6899312249819438, 0.6890977708498637, 0.6881914806365966, 0.6872952810923258, 0.6862471016248067, 0.6855318514506022, 0.6839323910077413, 0.6820501716931661, 0.6812812527020772, 0.6793374228477478, 0.6783108743031819, 0.6769724837938944, 0.6749598860740662, 0.673726483186086, 0.6723819414774577, 0.6706763490041097, 0.666572916507721, 0.6647183958689372, 0.6626860205332438, 0.6612651729583741, 0.6571382753054301, 0.6585403529802958, 0.6562424119313558, 0.651925044854482, 0.6455999795595805, 0.6434877490997315, 0.6431114411354065, 0.6360506383577983, 0.6518604858716329, 0.631453370253245, 0.6246489906311035, 0.6224711155891418, 0.6161403218905132, 0.6163928969701131, 0.6062193560600281, 0.6030507842699687, 0.6051038988431294, 0.5927661887804667, 0.5901277200380961, 0.5862183388074239, 0.5825576949119567, 0.565678772131602, 0.5611994592348735, 0.5552585005760193, 0.5585939319928487]
6.data_name = two_combined
7.method = imagenet
8.style = FT
Figure name: 
C:\Users\Flori\Documents\GitHub\t2018_12_14_RUNEXPERIMENT_FigureACC0316.png
C:\Users\Flori\Documents\GitHub\t2018_12_14_RUNEXPERIMENT_FigureLOSS&ACC0316.png