Floris Fok 
2018/12/17      At: 11:51:46
 
 
 The params where: 
1.Data = ISIC
2.data_name = two_combined
3.style = FT
4.model = kaggleDR
5.file_path = C:\ISIC
6.pickle_path = C:\pickles\save_melanoom_color_
7.model_path = C:\models\Epochs_50_Chest.json
8.RandomSeed = 2
9.doc_path = C:\Users\Flori\Documents\GitHub\t
10.img_size_x = 224
11.img_size_y = 224
12.norm = False
13.color = True
14.pretrain = None
15.equal_data = False
16.shuffle = True
17.epochs = 50
18.val_size = 300
19.test_size = 400
20.Batch_size = 16 
 
 
 The results where: 
1.score = 0.7459423706810899
2.acc_epoch = [0.49853228962818, 0.49853228956985846, 0.4985322896573408, 0.49853228962818, 0.49853228962818, 0.49853228974482316, 0.4985322895115369, 0.4985322895115369, 0.4985322895115369, 0.49853228956985846, 0.49853228962818, 0.49853228962818, 0.49853228956985846, 0.49853228962818, 0.49853228956985846, 0.49853228956985846, 0.49853228974482316, 0.4985322896573408, 0.4985322895115369, 0.49853228956985846, 0.49853228956985846, 0.4985322895115369, 0.4985322895115369, 0.49853228974482316, 0.4985322896865016, 0.49853228974482316, 0.49853228962818, 0.4985322895115369, 0.4985322895115369, 0.49853228962818, 0.49853228956985846, 0.49853228962818, 0.49853228974482316, 0.49853228962818, 0.49853228962818, 0.4985322895115369, 0.4985322896865016, 0.4985322895115369, 0.49853228956985846, 0.49853228956985846, 0.49853228956985846, 0.49853228974482316, 0.49853228962818, 0.49853228974482316, 0.4985322896865016, 0.4985322896865016, 0.4985322895115369, 0.49853228956985846, 0.49853228956985846, 0.49853228962818]
3.val_acc_epoch = [0.4599999996026357, 0.4599999996026357, 0.4599999996026357, 0.4599999996026357, 0.4599999996026357, 0.4599999996026357, 0.4599999996026357, 0.4599999996026357, 0.4599999996026357, 0.4599999996026357, 0.4599999996026357, 0.4599999996026357, 0.4599999996026357, 0.4599999996026357, 0.4599999996026357, 0.4599999996026357, 0.4599999996026357, 0.4599999996026357, 0.4599999996026357, 0.4599999996026357, 0.4599999996026357, 0.4599999996026357, 0.4599999996026357, 0.4599999996026357, 0.4599999996026357, 0.4599999996026357, 0.4599999996026357, 0.4599999996026357, 0.4599999996026357, 0.4599999996026357, 0.4599999996026357, 0.4599999996026357, 0.4599999996026357, 0.4599999996026357, 0.4599999996026357, 0.4599999996026357, 0.4599999996026357, 0.4599999996026357, 0.4599999996026357, 0.4599999996026357, 0.4599999996026357, 0.4599999996026357, 0.4599999996026357, 0.4599999996026357, 0.4599999996026357, 0.4599999996026357, 0.4599999996026357, 0.4599999996026357, 0.4599999996026357, 0.4599999996026357]
4.loss_epoch = [0.7380088430094859, 0.7312443355524844, 0.7286275521416486, 0.7269049916715304, 0.7253599622944796, 0.7238987813723764, 0.7225242594216901, 0.7212282126430429, 0.7200205885967397, 0.7188588167356652, 0.7177490880111426, 0.7166939416276965, 0.7156929040141768, 0.7147258676428151, 0.7137960804418575, 0.7129166115753338, 0.7120660699743581, 0.7112488778136714, 0.7104618779133911, 0.7097025103065132, 0.7089984053035072, 0.7082987143102224, 0.7076484536471432, 0.7070122518651406, 0.7064017851758609, 0.7058117344188131, 0.7052550631959844, 0.7047133101642482, 0.7041934062590105, 0.7037095978068746, 0.7032386562595628, 0.7027841166040902, 0.7023361740513557, 0.7019207308437027, 0.7015234641366276, 0.7011339945569197, 0.700758790316647, 0.7004048421891468, 0.7000539880209473, 0.6997155127226723, 0.6994048745431546, 0.6990878842114936, 0.6988076986398716, 0.6985128579074389, 0.6982468591744186, 0.6979847015000136, 0.6977231473372174, 0.6974767803445954, 0.6972407880594585, 0.6970042371703221]
5.vall_loss_epoch = [0.755541353225708, 0.7510741043090821, 0.7485315553347269, 0.7462841733296712, 0.7442114249865214, 0.7422826822598775, 0.7404749035835266, 0.738887612024943, 0.7372681331634522, 0.7358216611544292, 0.734443473815918, 0.733135392665863, 0.7318644650777181, 0.7306727353731791, 0.7295820967356363, 0.7284126734733581, 0.7272816475232442, 0.7261052131652832, 0.7251899941762289, 0.724305731455485, 0.7233194891611735, 0.722450065612793, 0.7214000725746155, 0.7204976407686869, 0.7197391223907471, 0.7188443756103515, 0.7180934389432271, 0.7174202609062195, 0.7167185338338217, 0.7160843714078268, 0.7153166397412618, 0.7146735127766927, 0.7140110055605571, 0.7134823028246562, 0.712792406876882, 0.7122023296356201, 0.7116422613461812, 0.7111425884564717, 0.7107157142957051, 0.7100883173942566, 0.7097642453511556, 0.7092624195416768, 0.7087550616264343, 0.7085166621208191, 0.7079124323527018, 0.7075593384106954, 0.7071546308199564, 0.7068096772829692, 0.7063487855593363, 0.7062132620811462]
6.data_name = two_combined
7.method = kaggleDR
8.style = FT
Figure name: 
C:\Users\Flori\Documents\GitHub\t2018_12_17_RUNEXPERIMENT_FigureLOSS&ACC01151.png
 NONE 