Floris Fok 
2018/12/23      At: 20:3:49
 
 
 The params where: 
1.Data = Breast
2.data_name = None
3.style = FT
4.model = CatDog
5.file_path = C:\breast-ultrasound-image
6.pickle_path = C:\pickles\Breast
7.model_path = {'KaggleDR': 'C:\\models\\Epochs_50_kaggleDR.json', 'Chest': 'C:\\models\\Epochs_50_Chest.json', 'CatDog': 'C:\\models\\Epochs_40_CatDog.json'}
8.RandomSeed = 7
9.doc_path = C:\Users\Flori\Documents\GitHub\t
10.img_size_x = 224
11.img_size_y = 224
12.norm = False
13.color = True
14.pretrain = None
15.equal_data = False
16.shuffle = True
17.epochs = 50
18.val_size = 25
19.test_size = 50
20.Batch_size = 6 
 
 
 The results where: 
1.score = 0.8581944444444444
2.acc_epoch = [0.4114285789217268, 0.43428571888378686, 0.4342857210976737, 0.4285714357239859, 0.5657142906529563, 0.5657142908232553, 0.5657142887796675, 0.5657142921856472, 0.5657142911638532, 0.5657142891202654, 0.5657142906529563, 0.565714293718338, 0.5657142903123583, 0.5657142911638532, 0.5657142887796675, 0.5657142880984715, 0.5657142892905644, 0.5657142867360796, 0.5657142908232553, 0.5657142908232553, 0.5657142898014613, 0.5657142877578736, 0.5657142886093685, 0.56571429337774, 0.5657142918450492, 0.5657142921856472, 0.5657142887796675, 0.5657142898014613, 0.5657142865657806, 0.5657142921856472, 0.565714293718338, 0.5657142903123583, 0.5657142921856472, 0.5657142906529563, 0.565714293718338, 0.5657142969540188, 0.5657142916747502, 0.5657142908232553, 0.5657142891202654, 0.5657142887796675, 0.5657142921856472, 0.565714293718338, 0.5657142901420593, 0.5657142952510289, 0.565714293207441, 0.5657142901420593, 0.5657142901420593, 0.5657142896311623, 0.5657142882687705, 0.5657142911638532]
3.val_acc_epoch = [0.1600000047683716, 0.1600000047683716, 0.1600000047683716, 0.8399999952316284, 0.8399999952316284, 0.8399999952316284, 0.8399999952316284, 0.8399999952316284, 0.8399999952316284, 0.8399999952316284, 0.8399999952316284, 0.8399999952316284, 0.8399999952316284, 0.8399999952316284, 0.8399999952316284, 0.8399999952316284, 0.8399999952316284, 0.8399999952316284, 0.8399999952316284, 0.8399999952316284, 0.8399999952316284, 0.8399999952316284, 0.8399999952316284, 0.8399999952316284, 0.8399999952316284, 0.8399999952316284, 0.8399999952316284, 0.8399999952316284, 0.8399999952316284, 0.8399999952316284, 0.8399999952316284, 0.8399999952316284, 0.8399999952316284, 0.8399999952316284, 0.8399999952316284, 0.8399999952316284, 0.8399999952316284, 0.8399999952316284, 0.8399999952316284, 0.8399999952316284, 0.8399999952316284, 0.8399999952316284, 0.8399999952316284, 0.8399999952316284, 0.8399999952316284, 0.8399999952316284, 0.8399999952316284, 0.8399999952316284, 0.8399999952316284, 0.8399999952316284]
4.loss_epoch = [0.7051127454212733, 0.6969782601084028, 0.6957240407807487, 0.6940883558137076, 0.6925733981813703, 0.691448370047978, 0.6904517163549151, 0.6898205007825579, 0.6890072815758841, 0.6884689494541714, 0.6874514041628157, 0.6869989323616028, 0.6864740668024336, 0.6862667110988072, 0.6859865733555385, 0.6858259194237846, 0.6856923464366368, 0.6855413273402623, 0.6854377623966762, 0.6855221039908272, 0.685324102129255, 0.6853512467656817, 0.6853202445166452, 0.6851888336454119, 0.685141738482884, 0.6851784181594849, 0.6850777762276786, 0.6852124278885977, 0.6853171280452184, 0.6850238084793091, 0.6847612789699009, 0.6847596900803702, 0.6847360668863569, 0.6848179159845624, 0.6847824985640389, 0.6846063327789307, 0.6846155432292393, 0.6846151702744621, 0.6846055262429374, 0.6847365740367345, 0.6845645127977644, 0.6846351136480059, 0.6845883566992623, 0.6845503115653991, 0.6845336617742266, 0.6845598711286273, 0.6846109485626221, 0.68461619751794, 0.684616768360138, 0.6846096750668117]
5.vall_loss_epoch = [0.7142960906028748, 0.7068050026893615, 0.7028420114517212, 0.6919817996025085, 0.6864929342269898, 0.678680591583252, 0.6750298094749451, 0.6721396732330323, 0.6651701140403747, 0.6588807821273803, 0.6548055982589722, 0.6496258759498597, 0.6460542392730713, 0.6442378711700439, 0.6413114333152771, 0.6408214783668518, 0.6363069891929627, 0.6354909777641297, 0.6353338193893433, 0.6342463159561157, 0.6348219680786132, 0.6339380598068237, 0.6329554080963135, 0.6319504737854004, 0.6308114910125733, 0.6303027153015137, 0.627940628528595, 0.6298401641845703, 0.6300949287414551, 0.626027946472168, 0.6239621782302857, 0.6232930707931519, 0.6216610693931579, 0.6205163812637329, 0.6175484108924866, 0.6177412438392639, 0.6184402751922607, 0.6163448119163513, 0.6176791906356811, 0.6159596967697144, 0.6171025252342224, 0.6164162468910217, 0.6152990412712097, 0.6139896726608276, 0.6127487921714783, 0.6113433790206909, 0.6104254293441772, 0.6083640623092651, 0.6085789275169372, 0.6091268587112427]
Figure name: 
C:\Users\Flori\Documents\GitHub\figs\2018_12_23_RUNEXPERIMENT_FigureLOSS&ACC0203.png
 NONE 