Floris Fok 
2018/12/14      At: 18:29:28
 
 
 The params where: 
1.Data = CatDog
2.img_size_x = 224
3.img_size_y = 224
4.norm = True
5.color = True
6.pretrain = None
7.equal_data = False
8.shuffle = True
9.epochs = 40
10.val_size = 2000
11.test_size = 4000
12.Batch_size = 32 
 
 
 The results where: 
1.score = 0.9371609653042984
2.acc_epoch = [0.6031352264330202, 0.6693761216087829, 0.702206270452866, 0.7215243323128893, 0.7429536577641719, 0.7565185263380133, 0.7751504275308773, 0.7920405362609522, 0.8019634751398712, 0.8115169428903198, 0.8256624089517576, 0.8335268658291988, 0.8468278264541328, 0.8540061226644147, 0.8681515887258524, 0.8751715401667898, 0.8817692388894753, 0.8946479467961574, 0.9062071149583025, 0.9141243534255252, 0.9262641190752665, 0.9323340019001373, 0.8588092473345297, 0.9510186846827826, 0.9593053942784757, 0.9720257574158133, 0.9755093423413913, 0.9846933389633695, 0.9578275097645941, 0.9830571096801436, 0.986593476195503, 0.9919771983532144, 0.9898659347619551, 0.9996833104613111, 0.9917660719940885, 0.9912382560962736, 0.9864879130159401]
3.val_acc_epoch = [0.5165, 0.7145, 0.5065, 0.606, 0.5735, 0.774, 0.7605, 0.7855, 0.5345, 0.759, 0.797, 0.692, 0.752, 0.6205, 0.609, 0.6505, 0.818, 0.7155, 0.7355, 0.583, 0.516, 0.5045, 0.848, 0.8185, 0.7835, 0.83, 0.86, 0.8585, 0.8575, 0.858, 0.851, 0.8605, 0.864, 0.868, 0.767, 0.841, 0.864]
4.loss_epoch = [0.6588993155501982, 0.6028770996753359, 0.5643950725110144, 0.5413125090094185, 0.5175567843601191, 0.49479364835384165, 0.4724144366460001, 0.44993037225753874, 0.4284383235669345, 0.41441548959633545, 0.38733896492706815, 0.36949050089543567, 0.3498386349696161, 0.33319414850840734, 0.31110300316071166, 0.2933158198933685, 0.2773037447750326, 0.25267162004651483, 0.23007774381616872, 0.2063734831250508, 0.1902871683710268, 0.17568806349243318, 0.5351255679864679, 0.1337265072227581, 0.12259340254165398, 0.08984940567291871, 0.08241627286212146, 0.06750244358171552, 0.40369539197072646, 0.06924589938006034, 0.06204973008451402, 0.04349665810187118, 0.046791543863710004, 0.005897170154395121, 0.04389820980405525, 0.030323111781807004, 0.09374763948551286]
5.vall_loss_epoch = [0.7654220423698426, 0.5649516863822936, 1.5700786075592041, 0.6379421339035034, 0.6841672163009643, 0.4736488485336304, 0.5043896579742432, 0.46463367795944216, 1.1653816490173339, 0.5010027737617493, 0.4552599542140961, 0.7466300134658813, 0.5418579306602478, 0.8516215481758118, 1.1351631727218627, 1.0470464186668396, 0.4248389961719513, 0.8023032374382019, 0.6847360472679138, 1.402936996459961, 2.3077278785705566, 7.972218147277832, 0.40345636415481567, 0.5040185730457306, 0.5855437755584717, 0.46794842743873594, 0.3880685520172119, 0.41720876240730287, 0.40925687885284423, 0.5182632598876953, 0.4186383271217346, 0.44406661915779116, 0.4702917479276657, 0.6267529150247574, 0.4938055429458618, 0.740549244761467, 0.5321912410259246]
Figure name: 
C:\Users\Flori\Documents\GitHub\t2018_12_14_RUNEXPERIMENT_FigureACC01829.png
C:\Users\Flori\Documents\GitHub\t2018_12_14_RUNEXPERIMENT_FigureLOSS&ACC01829.png