Floris Fok 
2018/12/27      At: 7:53:49
 
 
 The params where: 
1.Data = Blood
2.data_name = None
3.style = FT
4.model = Chest
5.file_path = C:\blood-cells
6.pickle_path = C:\pickles\Blood
7.model_path = {'KaggleDR': 'C:\\models\\Epochs_50_kaggleDR.json', 'Chest': 'C:\\models\\Epochs_50_Chest.json', 'CatDog': 'C:\\models\\Epochs_40_CatDog.json'}
8.RandomSeed = 2
9.doc_path = C:\Users\Flori\Documents\GitHub\t
10.img_size_x = 224
11.img_size_y = 224
12.norm = False
13.color = True
14.pretrain = None
15.equal_data = False
16.shuffle = True
17.epochs = 50
18.val_size = 1500
19.test_size = 2000
20.Batch_size = 32 
 
 
 The results where: 
1.score = 0.8628825885595174
2.acc_epoch = [0.2499168053327239, 0.25524126454915064, 0.28374930667797854, 0.3121464226190342, 0.32978369383367645, 0.3355518580078087, 0.3394342761732642, 0.35108153079855925, 0.3793677204791136, 0.44880754294755126, 0.4549084858205407, 0.4672212978270209, 0.47531891291298867, 0.4769828063676044, 0.4830837493662165, 0.48774265112377047, 0.4916250693189787, 0.4940654464648686, 0.4961730449152072, 0.49406544649462136, 0.5027176927673903, 0.5019412091091746, 0.5050471437089785, 0.5063782583920081, 0.5042706599747282, 0.5040488075495957, 0.5071547420303887, 0.5074875208118923, 0.5068219633546724, 0.5064891846260625, 0.5095951192324781, 0.5085967831524358, 0.5079312257514156, 0.5078202994611616, 0.503937881299012, 0.5087077093369023, 0.5039378812957062, 0.5105934552860736, 0.5069328896184795, 0.5060454796898451, 0.5058236272481833, 0.5074875208317274, 0.5066001109130106, 0.5064891846558153, 0.5057127010174348, 0.5056017747536277, 0.5044925124428369, 0.5044925124130841, 0.5042706600243161, 0.5062673321877066]
3.val_acc_epoch = [0.25, 0.268666666507721, 0.2713333332538605, 0.29266666690508525, 0.31599999984105426, 0.31733333349227905, 0.2826666666666667, 0.31733333349227905, 0.3913333331743876, 0.434, 0.3959999997615814, 0.43, 0.4533333333333333, 0.38866666674613953, 0.3860000000794729, 0.4619999996821086, 0.4613333330154419, 0.45866666666666667, 0.464, 0.468, 0.45866666634877523, 0.4139999998410543, 0.446, 0.4633333330154419, 0.4713333333333333, 0.4706666666666667, 0.4579999997615814, 0.4706666666666667, 0.47866666642824807, 0.4746666666666667, 0.48199999968210855, 0.47666666634877525, 0.474, 0.46866666634877524, 0.4879999997615814, 0.44466666650772096, 0.4199999998410543, 0.48466666642824807, 0.47466666634877525, 0.49533333309491473, 0.48000000047683716, 0.47733333309491477, 0.48333333333333334, 0.4713333334128062, 0.47866666642824807, 0.46600000007947284, 0.3679999998410543, 0.4833333330949148, 0.48000000007947285, 0.4813333330154419]
4.loss_epoch = [5.626259445522602, 5.588089111706844, 5.528912436611707, 5.458283055020384, 5.3935862044526415, 5.334540522475409, 5.286488147371687, 5.226645899109886, 5.167298544398692, 5.114175565257313, 5.0468589350572906, 4.974944171016903, 4.909537401902828, 4.86378938232735, 4.801881982112552, 4.738666302907883, 4.670077024958098, 4.628889924925827, 4.57917986794174, 4.527142824256546, 4.458943600583195, 4.421678139247037, 4.344035552411494, 4.302626334278701, 4.245174144230746, 4.216052248553309, 4.174560651445944, 4.110922801778902, 4.105705618210389, 4.044212397217287, 3.9736332586587833, 3.932056795036667, 3.9040397147370656, 3.8273409667573106, 3.853687514269676, 3.7619835461105033, 3.7819745174594144, 3.6982847812237902, 3.625104511280028, 3.669483442724379, 3.6094642302491438, 3.5394614383636154, 3.554609481850665, 3.5445345177494416, 3.4446260421592134, 3.4314799026853167, 3.484565596995721, 3.439046838134114, 3.349511814672816, 3.3654066960942526]
5.vall_loss_epoch = [1.4050633036295572, 1.3929606018066407, 1.386943616549174, 1.35600342241923, 1.342551849683126, 1.342768219312032, 1.344918210029602, 1.3077455116907755, 1.3007516838709514, 1.2792588758468628, 1.2940363896687825, 1.2672540826797485, 1.242608967145284, 1.3027601277033487, 1.281339386622111, 1.204518553098043, 1.193443284034729, 1.1906634298960368, 1.1839259440104166, 1.1730002915064495, 1.1715447053909303, 1.2361173715591431, 1.195998938560486, 1.1431262979507446, 1.1354963989257814, 1.13737229347229, 1.1542817478179932, 1.1246550057729086, 1.1127402346928914, 1.1165625995000203, 1.094625962893168, 1.109594716389974, 1.1094994560877482, 1.1019884799321493, 1.094097964922587, 1.18520539188385, 1.2394666662216187, 1.0872539841334026, 1.1117067572275798, 1.0728797416687013, 1.1101798419952393, 1.0914673846562704, 1.0704718864758809, 1.0950553258260092, 1.0674317207336426, 1.090299727121989, 1.4086543760299683, 1.0660620466868083, 1.08854243628184, 1.0872132924397786]
Figure name: 
C:\Users\Flori\Documents\GitHub\figs\2018_12_27_RUNEXPERIMENT_FigureLOSS&ACC0753.png
 NONE 