Floris Fok 
2018/12/20      At: 19:46:1
 
 
 The params where: 
1.Data = KaggleDR
2.data_name = None
3.style = FT
4.model = imagenet
5.file_path = C:\KaggleDR
6.pickle_path = C:\pickles\KaggleDR
7.model_path = {'Chest': 'C:\\models\\Epochs_50_Chest.json', 'CatDog': 'C:\\models\\Epochs_40_CatDog.json'}
8.RandomSeed = 2
9.doc_path = C:\Users\Flori\Documents\GitHub\t
10.img_size_x = 224
11.img_size_y = 224
12.norm = False
13.color = True
14.pretrain = None
15.equal_data = False
16.shuffle = True
17.epochs = 50
18.val_size = 500
19.test_size = 500
20.Batch_size = 32 
 
 
 The results where: 
1.score = 0.6117187905308933
2.acc_epoch = [0.19606299217291703, 0.2031496062992126, 0.21811023622047243, 0.23543307086614174, 0.25196850398394066, 0.26456692918079106, 0.27755905507117745, 0.28346456688220106, 0.2846456693030718, 0.28818897647181835, 0.2807086614173228, 0.2732283465036257, 0.2685039370548068, 0.26456692918079106, 0.26338582677165356, 0.2748031496062992, 0.32559055120456876, 0.35708661422016114, 0.375196850346768, 0.3925196849924373, 0.4047244094018861, 0.41299212593731915, 0.4200787401574803, 0.41929133853574435, 0.4220472440475554, 0.4283464566459806, 0.42440944886583043, 0.42913385822078376, 0.4330708660478667, 0.4314960630859916, 0.4326771653073979, 0.43582677160661054, 0.4358267717474089, 0.43700787401574803, 0.4405511810084966, 0.4401574802680278, 0.4405511810084966, 0.4452755904573155, 0.44763779532252335, 0.44724409453512176, 0.44803149606299214, 0.45078740148093754, 0.4503937007404688, 0.45708661407936274, 0.459055118157169, 0.4594488189211042, 0.4637795275590551, 0.4700787401574803, 0.46929133862961, 0.47086614177921626]
3.val_acc_epoch = [0.11600000023841858, 0.07200000047683716, 0.06800000047683716, 0.07199999976158142, 0.07000000023841858, 0.07800000023841858, 0.08400000023841858, 0.09399999952316285, 0.09799999952316284, 0.09599999952316284, 0.09799999952316284, 0.09599999952316284, 0.09399999952316285, 0.09399999952316285, 0.09399999952316285, 0.09199999976158142, 0.08999999976158142, 0.08999999976158142, 0.09199999976158142, 0.08199999976158143, 0.07799999976158142, 0.07999999976158143, 0.07999999976158143, 0.07999999976158143, 0.07399999976158142, 0.08199999976158143, 0.07999999976158143, 0.07799999976158142, 0.07999999976158143, 0.08199999976158143, 0.08399999976158141, 0.07799999976158142, 0.07799999976158142, 0.08399999976158141, 0.07999999976158143, 0.08399999976158141, 0.08799999976158142, 0.08399999976158141, 0.08399999976158141, 0.08199999976158143, 0.08399999976158141, 0.08399999976158141, 0.08599999976158142, 0.08199999976158143, 0.08399999976158141, 0.09399999976158142, 0.07999999976158143, 0.09399999976158142, 0.08399999976158141, 0.09599999976158143]
4.loss_epoch = [1.6088212623370914, 1.6062146755654043, 1.603632115191362, 1.6010445559118676, 1.5984740672149058, 1.5958741571020891, 1.5932470404256986, 1.5905937373168826, 1.5879003477847482, 1.585158141579215, 1.5823488042110534, 1.579491437326266, 1.576631277377211, 1.5737659215927124, 1.5708866049924235, 1.568015849496436, 1.5651328077466469, 1.5622659974210844, 1.5594083620807317, 1.556563292713616, 1.5537234586054884, 1.5509005278114258, 1.5480894026793832, 1.545270874556594, 1.5424428817794078, 1.5395930697598794, 1.536780757603683, 1.5339371987215178, 1.5310768820169405, 1.5282016264172051, 1.5253250052609781, 1.5224216312874022, 1.5195428668044684, 1.5166298798688753, 1.5137477392286767, 1.510879126308471, 1.5079564982511866, 1.505036285167604, 1.5021254216592144, 1.4991929645613422, 1.4962527370828342, 1.4933319176275899, 1.4904071385466207, 1.4874577899617474, 1.484518264222333, 1.4815600725609486, 1.4786166258684295, 1.4756979542454396, 1.4727826088432252, 1.4698159075158788]
5.vall_loss_epoch = [1.6152220230102539, 1.6211331853866577, 1.6272104253768922, 1.6334334468841554, 1.6397528858184816, 1.6462604722976684, 1.6528880167007447, 1.6596909656524659, 1.666533727645874, 1.6737142572402954, 1.6811439895629883, 1.688665231704712, 1.696240427017212, 1.70373455619812, 1.711789002418518, 1.7194548044204712, 1.726473702430725, 1.733898763656616, 1.7419013147354125, 1.749785966873169, 1.7572845449447632, 1.766024483680725, 1.7731438398361206, 1.7806331186294555, 1.7900115137100219, 1.7944741973876952, 1.804683027267456, 1.8114630365371704, 1.8196493616104126, 1.8281044540405273, 1.8376217250823974, 1.847916404724121, 1.8576072072982788, 1.864878381729126, 1.874917434692383, 1.8839286060333251, 1.891579168319702, 1.9023911981582642, 1.9123863697052002, 1.9246126251220703, 1.9328414211273193, 1.94333678150177, 1.9546635112762452, 1.966790623664856, 1.977124683380127, 1.9861151638031005, 2.0030601568222046, 2.0093798503875733, 2.024150260925293, 2.032717480659485]
Figure name: 
C:\Users\Flori\Documents\GitHub\figs\2018_12_20_RUNEXPERIMENT_FigureLOSS&ACC01946.png
 NONE 