Floris Fok 
2018/12/13      At: 15:14:26
 
 
 The params where: 
1.Data = ISIC
2.RandomSeed = 2
3.img_size_x = 224
4.img_size_y = 224
5.norm = False
6.color = True
7.pretrain = None
8.equal_data = False
9.shuffle = True
10.epochs = 50
11.val_size = 300
12.test_size = 400
13.Batch_size = 16 
 
 
 The results where: 
1.score = 0.9068469346207398
2.acc_epoch = [0.3635831381733021, 0.4148126463700234, 0.46282201405152223, 0.4994145199063232, 0.5439110070257611, 0.5649882903981265, 0.5848946135831382, 0.5846018735362998, 0.594847775175644, 0.5968969555035128, 0.6048009367681498, 0.6074355971896955, 0.6074355971896955, 0.6115339578454333, 0.6103629976580797, 0.6135831381733021, 0.6179742388758782, 0.6244145199063232, 0.6241217798594848, 0.6305620608899297, 0.6238290398126464, 0.6296838407494145, 0.6305620608899297, 0.6261709601873536, 0.6334894613583139, 0.6375878220140515, 0.6443208430913349, 0.6364168618266979, 0.6419789227166276, 0.6399297423887588, 0.6411007025761124, 0.6443208430913349, 0.6487119437939111, 0.6451990632318502, 0.6533957845433255, 0.6507611241217799, 0.6478337236533958, 0.6563231850117096, 0.6522248243559718, 0.6498829039812647, 0.6525175644028103, 0.6557377049180327, 0.6574941451990632, 0.6528103044496487, 0.656615925058548, 0.6522248243559718, 0.6545667447306791, 0.6572014051522248, 0.6633489461358314, 0.6604215456674473]
3.val_acc_epoch = [0.3933333335320155, 0.466666667064031, 0.5166666662693024, 0.5299999992052714, 0.5533333325386047, 0.5766666666666667, 0.5766666666666667, 0.5966666658719381, 0.6066666658719381, 0.6066666658719381, 0.5966666658719381, 0.6033333325386048, 0.6033333325386048, 0.6099999992052714, 0.6066666658719381, 0.6133333325386048, 0.6033333325386048, 0.6133333325386048, 0.6233333325386048, 0.6333333341280619, 0.6299999992052714, 0.6300000007947286, 0.6133333341280619, 0.5966666666666667, 0.6033333341280619, 0.6299999992052714, 0.6133333341280619, 0.6233333341280619, 0.6400000007947286, 0.6166666658719381, 0.6133333325386048, 0.6066666674613953, 0.6233333341280619, 0.6333333341280619, 0.6266666674613952, 0.6433333341280619, 0.6433333341280619, 0.6166666674613953, 0.5433333333333333, 0.6466666674613952, 0.6200000007947286, 0.6266666674613952, 0.6466666658719381, 0.6333333341280619, 0.6400000007947286, 0.6333333341280619, 0.6466666674613952, 0.6566666674613952, 0.6366666674613952, 0.6200000007947286]
4.loss_epoch = [1.0981849602290563, 1.097131660727204, 1.0938401534909108, 1.0908116322769772, 1.087841057944912, 1.084821752977036, 1.0816067973679626, 1.078326121984656, 1.0748618436362203, 1.070776386618335, 1.0657960302098295, 1.060129789892907, 1.0544568347707566, 1.048754355946525, 1.043158054910164, 1.036756859451044, 1.0304883523065536, 1.0234190811876391, 1.01634987790914, 1.0079971680317328, 1.0012020793954997, 0.9938655346283031, 0.9840048656251448, 0.9763241175745354, 0.9650975373645577, 0.9547401365128279, 0.9427299438092412, 0.9342520114130382, 0.9214719078859066, 0.9106165257214941, 0.9004156424792645, 0.884778191669205, 0.869638586770176, 0.8603027337328891, 0.8439972791515413, 0.833330153023052, 0.8238345587002309, 0.8065710514434886, 0.7968797588795075, 0.7875260511103502, 0.7752365390366637, 0.7575440024324547, 0.7420548778507134, 0.7392748376524699, 0.722085138813394, 0.7205853749773262, 0.7134284853097705, 0.6983022629795923, 0.6827885885428489, 0.6772724713877157]
5.vall_loss_epoch = [1.098059811592102, 1.0955255126953125, 1.0914500347773235, 1.0887021319071453, 1.0858068227767945, 1.083076246579488, 1.0801067352294922, 1.0767551787694296, 1.072842820485433, 1.0687173080444337, 1.063870178858439, 1.0583892806371054, 1.0532062196731566, 1.0478902784983317, 1.0418013334274292, 1.0359559949239094, 1.0302736632029215, 1.0228911892573038, 1.0153801918029786, 1.0068533102671304, 1.0019053284327188, 0.9929334767659506, 0.9919616381327311, 0.9975629925727845, 0.9775471433003744, 0.9548853453000387, 0.9591101924578349, 0.9398772048950196, 0.9246424460411071, 0.9266415031750997, 0.925959567228953, 0.9200646917025248, 0.90042697985967, 0.8739574527740479, 0.8710211094220479, 0.8491627629597982, 0.8342729051907857, 0.8433308593432108, 0.9537180844942729, 0.8016566125551859, 0.8154960958162943, 0.8147609488169352, 0.779713089466095, 0.7842139212290445, 0.7678023878733317, 0.7765791861216227, 0.7665913526217143, 0.7311697419484456, 0.7532277297973633, 0.7749705783526103]
6.data_name = three
7.method = imagenet
8.style = FT
Figure name: 
C:\Users\Flori\Documents\GitHub\t2018_12_13_RUNEXPERIMENT_FigureACC01514.png
C:\Users\Flori\Documents\GitHub\t2018_12_13_RUNEXPERIMENT_FigureLOSS&ACC01514.png