Floris Fok 
2018/12/20      At: 22:49:28
 
 
 The params where: 
1.Data = KaggleDR
2.data_name = None
3.style = FT
4.model = None
5.file_path = C:\KaggleDR
6.pickle_path = C:\pickles\KaggleDR
7.model_path = {'Chest': 'C:\\models\\Epochs_50_Chest.json', 'CatDog': 'C:\\models\\Epochs_40_CatDog.json'}
8.RandomSeed = 5
9.doc_path = C:\Users\Flori\Documents\GitHub\t
10.img_size_x = 224
11.img_size_y = 224
12.norm = False
13.color = True
14.pretrain = None
15.equal_data = False
16.shuffle = True
17.epochs = 50
18.val_size = 500
19.test_size = 500
20.Batch_size = 32 
 
 
 The results where: 
1.score = 0.6128630394478184
2.acc_epoch = [0.25984251968503935, 0.29527559059811387, 0.2972440945116554, 0.3153543307086614, 0.3216535433070866, 0.32992125985425286, 0.3409448819366966, 0.34448818897637795, 0.35, 0.34566929129164986, 0.35669291340929316, 0.37125984253141825, 0.35866141732283463, 0.3700787401692135, 0.38228346447306355, 0.38503937010220657, 0.3893700786932247, 0.3897637795744918, 0.3783464566929134, 0.396456692866453, 0.39803149606299215, 0.3921259842050357, 0.38779527559055116, 0.41023622047244096, 0.42322834650362573, 0.41181102366898004, 0.4267716535433071, 0.4220472440944882, 0.4200787401574803, 0.43976377962142466, 0.4374015747562168, 0.46181102362204723, 0.44921259837826405, 0.4425196849455045, 0.4574803150075627, 0.46929133862961, 0.4673228347395349, 0.4708661416384179, 0.49173228346456693, 0.47283464562235855, 0.4937007874485076, 0.4968503936069218, 0.5165354330708661, 0.5003937007874015, 0.5039370077801502, 0.5350393701726057, 0.5326771652604652, 0.5397637794806263, 0.552362204818275, 0.5594488188037722]
3.val_acc_epoch = [0.022000000059604646, 0.13400000023841857, 0.020000000059604645, 0.01600000002980232, 0.046000000238418576, 0.17400000023841858, 0.018000000029802322, 0.11999999976158142, 0.06399999976158142, 0.07400000011920929, 0.10000000047683716, 0.03800000005960465, 0.10600000047683716, 0.030000000059604646, 0.01600000002980232, 0.098, 0.05600000047683716, 0.054000000238418576, 0.07799999952316285, 0.088, 0.03000000023841858, 0.10200000047683716, 0.05600000011920929, 0.05000000011920929, 0.07000000023841858, 0.046000000238418576, 0.04200000023841858, 0.08599999952316284, 0.07799999952316285, 0.062, 0.03400000002980232, 0.026000000029802323, 0.08999999952316284, 0.07999999976158143, 0.09599999976158143, 0.16800000047683716, 0.064, 0.07200000023841858, 0.03000000023841858, 0.02800000002980232, 0.084, 0.07000000047683716, 0.074, 0.19200000023841857, 0.07000000047683716, 0.05200000047683716, 0.10600000047683716, 0.13000000047683716, 0.10400000023841859, 0.04800000002980232]
4.loss_epoch = [1.4388083208264328, 1.3929660273349191, 1.3893963305030281, 1.3767622713028915, 1.3727798020745825, 1.3651470497837217, 1.356912416735972, 1.3592560473389512, 1.3536845483179167, 1.3503116902403944, 1.346520339222405, 1.3396112432630043, 1.3394017285249364, 1.3259572427103838, 1.3210630516367634, 1.3236430519209132, 1.319604168351241, 1.3083254476231854, 1.3143870167844878, 1.3065842446379774, 1.2949653364541962, 1.292760831352294, 1.2890485821746465, 1.285265447398809, 1.2674171100451253, 1.2710517704956175, 1.2644506356847567, 1.2637082467867633, 1.2543135689938163, 1.2482074555449598, 1.2422203677845751, 1.2248954190982608, 1.2268677058182365, 1.2233688793783113, 1.2108534844841543, 1.206041145136976, 1.188492475156709, 1.1869712579907394, 1.1779393477702704, 1.179119648332671, 1.1616225330848393, 1.1434793153147058, 1.1365055161198294, 1.1363073718829417, 1.127309061410859, 1.0976539859621544, 1.0898827651354273, 1.0928672263002772, 1.077561447657938, 1.0517536206508247]
5.vall_loss_epoch = [4.157474102020264, 4.5629067115783695, 4.638147611618042, 5.447323860168457, 5.201019422531128, 5.1441844348907475, 5.805961168289184, 6.145966951370239, 5.915664842605591, 5.806103442192078, 6.1665601758956905, 6.143353370666504, 6.149787664413452, 6.121803208351135, 7.136619127273559, 7.124142827987671, 6.806194128990174, 6.553358933448791, 6.688815683364868, 6.582379156112671, 7.716401444435119, 6.903436777114869, 7.059777274131775, 7.550015897750854, 7.137851625442505, 6.944705636024475, 8.103746633529664, 8.019449230194091, 7.416352521896362, 7.673742635726929, 7.851791113853454, 8.397981125831604, 6.953690664291382, 8.267005117416382, 7.567215504646302, 7.605374169349671, 8.373171074867248, 7.715777398109436, 8.081112915992737, 7.538272974014283, 6.6794465713500975, 8.994292634963989, 7.1640844230651854, 7.222237375259399, 8.379477327346802, 8.664966643333434, 8.70077937412262, 7.824095885276795, 8.361979334831238, 9.07836712551117]
Figure name: 
C:\Users\Flori\Documents\GitHub\figs\2018_12_20_RUNEXPERIMENT_FigureLOSS&ACC02249.png
 NONE 