Floris Fok 
2018/12/28      At: 5:10:5
 
 
 The params where: 
1.Data = Blood
2.data_name = None
3.style = FT
4.model = KaggleDR
5.file_path = C:\blood-cells
6.pickle_path = C:\pickles\Blood
7.model_path = {'KaggleDR': 'C:\\models\\Epochs_50_kaggleDR.json', 'Chest': 'C:\\models\\Epochs_50_Chest.json', 'CatDog': 'C:\\models\\Epochs_40_CatDog.json'}
8.RandomSeed = 5
9.doc_path = C:\Users\Flori\Documents\GitHub\t
10.img_size_x = 224
11.img_size_y = 224
12.norm = False
13.color = True
14.pretrain = None
15.equal_data = False
16.shuffle = True
17.epochs = 50
18.val_size = 1500
19.test_size = 2000
20.Batch_size = 32 
 
 
 The results where: 
1.score = 0.8499170308748151
2.acc_epoch = [0.2596783139030601, 0.3127010538157528, 0.36550194119587254, 0.4234054353755511, 0.46489184693502045, 0.5090404880357595, 0.5484193011812547, 0.5781475318251751, 0.5986688851252305, 0.6209650581701557, 0.6397115918509642, 0.6500277314923965, 0.6601220188640715, 0.6671103715665196, 0.6713255684308324, 0.6810870771003444, 0.680421519748912, 0.6821963393946059, 0.685302274014245, 0.6891846921863122, 0.6915141431014536, 0.6943982251405848, 0.6972823072193863, 0.706378258491184, 0.7120354963750622, 0.712368275130119, 0.7059345535549665, 0.6987243482951515, 0.7114808652775194, 0.7098169716476931, 0.7182473654622709, 0.7178036605723355, 0.7283416528273343, 0.7316694398291298, 0.7328896283772808, 0.7334442595739994, 0.7290072101390963, 0.7327787021961202, 0.731447587387468, 0.7283416527347703, 0.7355518580210322, 0.7316694398026828, 0.7284525790944473, 0.7284525789622128, 0.7346644481750442, 0.737992235143781, 0.7391014975636652, 0.7387687188086084, 0.7391014974314308, 0.7396561286083143]
3.val_acc_epoch = [0.2666666669050852, 0.2800000002384186, 0.28799999992052716, 0.3113333332538605, 0.3293333332538605, 0.3499999998410543, 0.36466666650772095, 0.3786666667461395, 0.3873333334128062, 0.39399999992052714, 0.40933333317438764, 0.3820000001589457, 0.39866666666666667, 0.4273333334128062, 0.4219999998410543, 0.4193333330949148, 0.4433333331743876, 0.4266666667461395, 0.43999999984105426, 0.41066666690508524, 0.44999999984105427, 0.44999999976158145, 0.4426666664282481, 0.4679999998410543, 0.458, 0.46666666650772093, 0.44866666650772097, 0.46733333309491476, 0.4659999998410543, 0.4533333331743876, 0.47133333349227907, 0.44466666666666665, 0.5520000003178914, 0.534, 0.5406666669845581, 0.5533333331743876, 0.5413333331743876, 0.5446666666666666, 0.4579999997615814, 0.5346666668256124, 0.5006666666666667, 0.5366666661898295, 0.46266666674613954, 0.5473333334922791, 0.5633333328564962, 0.5459999998410543, 0.5473333338101705, 0.5693333336512247, 0.5806666666666667, 0.5826666669845582]
4.loss_epoch = [5.563431485176616, 5.46617914200887, 5.361884188268559, 5.250148764412997, 5.146564784184867, 5.039627408320151, 4.936364968776439, 4.825653790025928, 4.728810359713639, 4.62328459977178, 4.5132630677204695, 4.418924174729282, 4.3197772030822446, 4.22390164376892, 4.139476170119351, 4.032788157555638, 3.9601328978324295, 3.88768515798428, 3.804389449006904, 3.7169358923907287, 3.6453406775850623, 3.561529681369191, 3.4766886639449575, 3.3654851396680208, 3.2705171224083163, 3.210444246658139, 3.1927174132860707, 3.168138403239279, 3.039524068768925, 3.004045039947603, 2.8957558027585875, 2.8392585506058374, 2.773023323661013, 2.7063097659442668, 2.641556877859817, 2.5916532865049304, 2.581987131349391, 2.5364421935459673, 2.517210392177072, 2.497015805860658, 2.4120630639034446, 2.3944671827095187, 2.4075138567291363, 2.3986245140524223, 2.311110633330681, 2.232518077068572, 2.197416087487507, 2.1670519579402354, 2.1412964624097066, 2.1198570771674876]
5.vall_loss_epoch = [1.3852533995310465, 1.3785534022649129, 1.3701877562204996, 1.3622294750213624, 1.353635986328125, 1.3389651794433595, 1.3313178993860881, 1.3143430115381876, 1.311189289410909, 1.2981517756779988, 1.2844145294825235, 1.3039899298350017, 1.2758550650278728, 1.2473700195948283, 1.2543404165903727, 1.2465981130599975, 1.2228850615819296, 1.2324054412841796, 1.2146805925369262, 1.2555230178833008, 1.1873760703404745, 1.1758495092391967, 1.187523490269979, 1.171181103070577, 1.1607432797749837, 1.148150753657023, 1.179889967282613, 1.1400293111801147, 1.1453493073781331, 1.1624114764531452, 1.140033465385437, 1.1919261252085367, 1.1037349182764689, 1.1459446991284687, 1.102392812093099, 1.1101429045995077, 1.1263995157877604, 1.116585103193919, 1.325920092900594, 1.148421779314677, 1.2144815998077392, 1.142461947441101, 1.395176119486491, 1.1138325834274292, 1.0814556573232015, 1.1300984659194946, 1.1126517604192099, 1.0805129877726236, 1.0693156315485637, 1.0653974951108296]
Figure name: 
C:\Users\Flori\Documents\GitHub\figs\2018_12_28_RUNEXPERIMENT_FigureLOSS&ACC0510.png
 NONE 