Floris Fok 
2018/12/21      At: 0:6:15
 
 
 The params where: 
1.Data = KaggleDR
2.data_name = None
3.style = FT
4.model = imagenet
5.file_path = C:\KaggleDR
6.pickle_path = C:\pickles\KaggleDR
7.model_path = {'Chest': 'C:\\models\\Epochs_50_Chest.json', 'CatDog': 'C:\\models\\Epochs_40_CatDog.json'}
8.RandomSeed = 7
9.doc_path = C:\Users\Flori\Documents\GitHub\t
10.img_size_x = 224
11.img_size_y = 224
12.norm = False
13.color = True
14.pretrain = None
15.equal_data = False
16.shuffle = True
17.epochs = 50
18.val_size = 500
19.test_size = 500
20.Batch_size = 32 
 
 
 The results where: 
1.score = 0.5996945088150901
2.acc_epoch = [0.16614173233039736, 0.20866141732283464, 0.2220472441179546, 0.2153543307321278, 0.2232283464801593, 0.2232283464566929, 0.22834645659904781, 0.23188976377952755, 0.24881889768472806, 0.26968503939354516, 0.26968503941701155, 0.26968503937007876, 0.26968503932314597, 0.26968503939354516, 0.2700787401809467, 0.26968503937007876, 0.2700787401574803, 0.2700787402044131, 0.2700787401105475, 0.2700787401105475, 0.2700787401574803, 0.2700787401574803, 0.2700787401574803, 0.2700787401105475, 0.2700787401105475, 0.2700787401809467, 0.2700787401574803, 0.2700787401809467, 0.2700787401692135, 0.2700787401574803, 0.2700787402044131, 0.2700787402044131, 0.2700787401574803, 0.2700787401809467, 0.2700787401809467, 0.2700787402044131, 0.2700787401105475, 0.2700787401809467, 0.2700787402044131, 0.2700787401105475, 0.2700787401574803, 0.2700787402513459, 0.2700787401809467, 0.2700787402044131, 0.2700787401105475, 0.2700787402044131, 0.2700787401105475, 0.2700787401692135, 0.2700787401692135, 0.2700787401574803]
3.val_acc_epoch = [0.11200000023841858, 0.09799999976158143, 0.09399999976158142, 0.09199999976158142, 0.10200000023841858, 0.11799999952316284, 0.12599999952316285, 0.12199999952316284, 0.024, 0.024, 0.024, 0.024, 0.024, 0.024, 0.024, 0.024, 0.024, 0.024, 0.024, 0.024, 0.024, 0.024, 0.024, 0.024, 0.024, 0.024, 0.024, 0.024, 0.024, 0.024, 0.024, 0.024, 0.024, 0.024, 0.024, 0.024, 0.024, 0.024, 0.024, 0.024, 0.024, 0.024, 0.024, 0.024, 0.024, 0.024, 0.024, 0.024, 0.024, 0.024]
4.loss_epoch = [1.6096056538304007, 1.6065659875944844, 1.6039233607570018, 1.6013179628867802, 1.598636890020896, 1.5958377252413531, 1.5929314078308465, 1.5899440425587452, 1.5869051311898419, 1.5838654290972731, 1.580850247698506, 1.577885861471882, 1.574977996405654, 1.5720862944295086, 1.5692369038664449, 1.5664306580551026, 1.563655289514797, 1.5608846031774686, 1.5581400938860075, 1.555450286827688, 1.5527768365980132, 1.5501082643749207, 1.5474486724598202, 1.5447950483307125, 1.5421514959785882, 1.539507475237208, 1.5368648106657614, 1.5342200637802363, 1.5315887929886345, 1.5289750885775708, 1.5263874960696604, 1.5237959766012477, 1.5212126401465709, 1.5186347178586825, 1.5160753325214535, 1.5135230208945087, 1.5109964100394662, 1.5084745219373328, 1.5059661273881206, 1.503461574757193, 1.5009708721806685, 1.4984954315846362, 1.496031543964476, 1.4935844712370023, 1.4911509966287086, 1.4887364672863577, 1.4863418836293258, 1.483972445059949, 1.4816258590052447, 1.479308002201591]
5.vall_loss_epoch = [1.6137551965713501, 1.6202156524658202, 1.626581678390503, 1.6331083221435547, 1.6399409399032592, 1.6473010787963867, 1.655241940498352, 1.6636618700027466, 1.6723570423126222, 1.6811013278961182, 1.6898853044509887, 1.698605686187744, 1.7073543672561646, 1.7162013969421386, 1.7250283908843995, 1.7339136991500854, 1.7428907012939454, 1.7519735269546508, 1.761069040298462, 1.770196044921875, 1.7794618701934815, 1.7888645496368407, 1.7984059429168702, 1.808091371536255, 1.8179440155029296, 1.8279863452911378, 1.8382373332977295, 1.84865629196167, 1.8592503814697265, 1.869916289329529, 1.880783305168152, 1.8918572998046874, 1.903132300376892, 1.9146108303070069, 1.9262582416534424, 1.9380776405334472, 1.9501007881164552, 1.9623385925292969, 1.9748253173828125, 1.9875461196899413, 2.000474659919739, 2.0136487617492675, 2.0270419340133667, 2.0406866655349734, 2.054564748764038, 2.068671088218689, 2.0829985446929933, 2.0975327062606812, 2.1122859315872193, 2.127232298851013]
Figure name: 
C:\Users\Flori\Documents\GitHub\figs\2018_12_21_RUNEXPERIMENT_FigureLOSS&ACC006.png
 NONE 