Floris Fok 
2018/12/17      At: 13:55:45
 
 
 The params where: 
1.Data = ISIC
2.data_name = three
3.style = FT
4.model = kaggleDR
5.file_path = C:\ISIC
6.pickle_path = C:\pickles\save_melanoom_color_
7.model_path = C:\models\Epochs_50_Chest.json
8.RandomSeed = 5
9.doc_path = C:\Users\Flori\Documents\GitHub\t
10.img_size_x = 224
11.img_size_y = 224
12.norm = False
13.color = True
14.pretrain = None
15.equal_data = False
16.shuffle = True
17.epochs = 50
18.val_size = 300
19.test_size = 400
20.Batch_size = 16 
 
 
 The results where: 
1.score = 0.778780928828423
2.acc_epoch = [0.32581967213114754, 0.39285714285714285, 0.42330210772833726, 0.4435011709601874, 0.45081967213114754, 0.45521077283372363, 0.46604215456674475, 0.4768735362997658, 0.4818501170960187, 0.49063231850117095, 0.49355971896955503, 0.5005854800936768, 0.5055620608899297, 0.5073185011709602, 0.5096604215456675, 0.517271662763466, 0.5190281030444965, 0.5225409836065574, 0.5313231850117096, 0.5278103044496487, 0.5383489461358314, 0.5354215456674473, 0.5365925058548009, 0.5477166276346604, 0.547423887587822, 0.5433255269320844, 0.5526932084309133, 0.547423887587822, 0.5614754098360656, 0.555327868852459, 0.5649882903981265, 0.5629391100702577, 0.5699648711943794, 0.5740632318501171, 0.5564988290398126, 0.5626463700234192, 0.5655737704918032, 0.5822599531615925, 0.5702576112412178, 0.569672131147541, 0.5787470725995316, 0.5755269320843092, 0.5752341920374707, 0.5799180327868853, 0.5758196721311475, 0.5714285714285714, 0.5851873536299765, 0.5708430913348946, 0.5939695550351288, 0.6012880562060889]
3.val_acc_epoch = [0.36, 0.42666666706403095, 0.4266666662693024, 0.4599999996026357, 0.4599999996026357, 0.4499999996026357, 0.4266666662693024, 0.4599999996026357, 0.4799999996026357, 0.4766666662693024, 0.4799999996026357, 0.5133333333333333, 0.51, 0.5, 0.4499999996026357, 0.5099999996026358, 0.5, 0.5166666666666667, 0.52, 0.5133333333333333, 0.5266666666666666, 0.5233333333333333, 0.51, 0.47333333373069764, 0.53, 0.5166666666666667, 0.5133333329359691, 0.5066666662693023, 0.5366666666666666, 0.5033333333333333, 0.5433333333333333, 0.4999999996026357, 0.5233333333333333, 0.52, 0.5099999996026358, 0.4633333333333333, 0.5066666666666667, 0.5099999996026358, 0.5266666662693024, 0.52, 0.53, 0.49333333293596904, 0.5133333333333333, 0.5133333333333333, 0.4766666666666667, 0.5233333329359691, 0.5233333329359691, 0.5233333333333333, 0.5233333329359691, 0.40333333373069763]
4.loss_epoch = [1.1031198311745423, 1.0648158506710579, 1.0473591470327535, 1.0389544709784087, 1.031703534673472, 1.0277477178975625, 1.0228625145114836, 1.0160826126362177, 1.0129593398587766, 1.008105173881495, 1.0057298718347483, 1.0004493966873134, 0.9964241233307528, 0.9949662979927778, 0.9893405230877271, 0.9842142651176006, 0.9820154494926577, 0.9787485342673451, 0.9736896797979744, 0.9708023213670182, 0.9646462901414697, 0.9637421750631489, 0.9619113480458494, 0.9534858967716298, 0.9526261230821632, 0.9541714374298792, 0.9455417414180568, 0.9456698195158179, 0.9354598329553001, 0.9371386964650568, 0.9286898388516428, 0.925938899260215, 0.9225377944370065, 0.9164705256946751, 0.9253722535363404, 0.9196819315470354, 0.9153546455034886, 0.9013985664838929, 0.9077660110571903, 0.9087940186471515, 0.8971036602797497, 0.8978561093153943, 0.895794538759236, 0.89119176367686, 0.8904238316716857, 0.8926812355914775, 0.8799309920371277, 0.8876450642489717, 0.8696830219630615, 0.8627881018283495]
5.vall_loss_epoch = [1.0701179774602254, 1.0465137592951457, 1.0391380739212037, 1.0300154558817545, 1.0275759585698445, 1.044402101834615, 1.068624618848165, 1.0268053603172302, 1.018441812992096, 1.0115992132822673, 1.0137131174405416, 1.0010070697466533, 0.9937688136100769, 1.000343512694041, 1.0450833868980407, 0.9929174017906189, 1.0006739656130472, 0.9804685401916504, 0.9832938186327617, 0.9918844668070476, 0.9724119830131531, 0.9755516791343689, 0.9813498234748841, 0.9962560677528381, 0.9652895927429199, 0.9761945939064026, 0.9662136483192444, 0.9709205635388692, 0.9581307721138, 0.97741681655248, 0.954078430334727, 0.9931512705485026, 0.9522011494636535, 0.9491396069526672, 0.9665779980023702, 1.0012606716156005, 0.9552114327748616, 0.9690351366996766, 0.946459972858429, 0.9489089703559875, 0.9386379249890645, 0.9886294865608215, 0.9532863108317057, 0.9518995436032613, 0.9891326427459717, 0.9474226188659668, 0.9277414631843567, 0.9408279681205749, 0.9323788619041443, 1.1304624017079672]
6.data_name = three
7.method = kaggleDR
8.style = FT
Figure name: 
C:\Users\Flori\Documents\GitHub\t2018_12_17_RUNEXPERIMENT_FigureLOSS&ACC01355.png
 NONE 