Floris Fok 
2018/12/14      At: 6:12:25
 
 
 The params where: 
1.Data = ISIC
2.RandomSeed = 7
3.img_size_x = 224
4.img_size_y = 224
5.norm = False
6.color = True
7.pretrain = None
8.equal_data = False
9.shuffle = True
10.epochs = 50
11.val_size = 300
12.test_size = 400
13.Batch_size = 16 
 
 
 The results where: 
1.score = 0.820455795603697
2.acc_epoch = [0.5802348335428481, 0.605675146654394, 0.6105675145604605, 0.6296477496274063, 0.640410958845788, 0.6409001958113594, 0.6634050879459792, 0.6795499021526419, 0.6952054793354117, 0.6810176125244618, 0.6922700585917717, 0.7304305283757339, 0.7206457925636007, 0.7318982386309106, 0.7470645793730032, 0.7451076319772904, 0.754403131232103, 0.7612524460673099, 0.7749510764375824, 0.7857142858309288, 0.7857142858309288, 0.7886497064579256, 0.8057729941291585, 0.8043052836406954, 0.8370841488446275, 0.8287671232876712, 0.8199608610567515, 0.8307240703334547, 0.8145792564767215, 0.8419765165174078, 0.8498043054004005, 0.8478473582379739, 0.8610567514677103, 0.869863013581987, 0.8483365947952942, 0.8610567515843535, 0.8625244618395304, 0.8820939333471534, 0.8943248531123197, 0.8850293540907933, 0.8972602739726028, 0.8992172212516725, 0.8938356165549993, 0.88258317013776, 0.910958904109589, 0.9124266145980522, 0.9026418785526328, 0.9119373778074454, 0.9212328767123288, 0.9163405088062623]
3.val_acc_epoch = [0.6000000007947286, 0.6100000007947286, 0.6166666674613953, 0.6033333325386048, 0.5933333325386048, 0.6099999992052714, 0.6066666662693023, 0.6033333337306976, 0.6433333333333333, 0.6366666674613952, 0.6466666658719381, 0.5766666674613953, 0.6599999992052714, 0.6266666666666667, 0.6133333325386048, 0.6566666666666666, 0.6666666674613952, 0.6600000007947286, 0.6299999992052714, 0.6699999992052714, 0.6399999992052714, 0.6800000007947286, 0.6833333325386047, 0.6666666666666666, 0.6700000007947285, 0.6399999992052714, 0.6999999992052715, 0.5133333337306977, 0.6700000007947285, 0.6799999992052714, 0.7133333341280619, 0.6433333337306977, 0.6266666674613952, 0.6733333333333333, 0.6366666658719381, 0.6599999996026357, 0.6966666666666667, 0.706666665871938, 0.703333334128062, 0.7099999992052713, 0.6466666674613952, 0.6666666666666666, 0.6866666674613953, 0.6866666666666666, 0.6366666662693024, 0.66, 0.67, 0.6733333325386047, 0.6666666666666666, 0.6633333329359691]
4.loss_epoch = [0.685374195561717, 0.6789032834383373, 0.6776570051383599, 0.6748242349074078, 0.6726296288626534, 0.6703652842170805, 0.6655310030786026, 0.6614641248596624, 0.6566501692549823, 0.6498231947305384, 0.6469197372401064, 0.6358933335647657, 0.6355578108543053, 0.6292651085704274, 0.6241515948347849, 0.6217496351953122, 0.6161441353902425, 0.6128909086294604, 0.607162242649586, 0.6016261593936241, 0.5997325089812978, 0.5968605202938012, 0.5876626169378277, 0.5866454787217008, 0.5705815186239269, 0.570437536664205, 0.5718041997833028, 0.5649006080954042, 0.5671816503231772, 0.5544840814782682, 0.5480007895518189, 0.5460536933691768, 0.5376642970422942, 0.530139445442043, 0.5364862994205228, 0.527257764001182, 0.5258531480619352, 0.5117627304127538, 0.5031826352653205, 0.5028876539779036, 0.49263770700434184, 0.487048908339088, 0.48864876133355145, 0.4934814420698207, 0.47362954929150247, 0.46587524418728227, 0.4697161949077464, 0.4595050993730877, 0.45100639407648735, 0.4494675320888452]
5.vall_loss_epoch = [0.6815426548322042, 0.6800963632265726, 0.6792819142341614, 0.6779216663042704, 0.6762634301185608, 0.67457186460495, 0.6747788675626119, 0.6773179284731548, 0.6649342536926269, 0.6631653571128845, 0.6608231043815613, 0.6761888639132182, 0.6553223061561585, 0.6603868873914083, 0.6646280892690023, 0.6489924828211466, 0.644106076558431, 0.6440260982513428, 0.6580843758583069, 0.6416000731786092, 0.6545783082644144, 0.6330278968811035, 0.6334085392951966, 0.6407869935035706, 0.6357745544115703, 0.6449972001711527, 0.6284671791394552, 0.7068821366628011, 0.6316909146308899, 0.6301608888308207, 0.6140119385719299, 0.6461233806610107, 0.6560269729296366, 0.6251814111073812, 0.6400433739026388, 0.6302220344543457, 0.6225341033935546, 0.6091091005007426, 0.6083461268742879, 0.604094865322113, 0.6432463018099467, 0.6209651430447897, 0.6121894017855326, 0.6076587049166361, 0.6424897615114847, 0.6274951839447022, 0.6149837525685629, 0.6089633655548096, 0.6362044008572897, 0.6310777314503988]
6.data_name = two_combined
7.method = kaggleDR
8.style = FT
Figure name: 
C:\Users\Flori\Documents\GitHub\t2018_12_14_RUNEXPERIMENT_FigureACC0612.png
C:\Users\Flori\Documents\GitHub\t2018_12_14_RUNEXPERIMENT_FigureLOSS&ACC0612.png