Floris Fok 
2018/12/29      At: 1:31:9
 
 
 The params where: 
1.Data = Chest
2.data_name = None
3.style = FT
4.model = Chest
5.file_path = C:\chest_xray
6.pickle_path = C:\pickles\Chest_int
7.model_path = {'KaggleDR': 'C:\\models\\Epochs_50_kaggleDR.json', 'Chest': 'C:\\models\\Epochs_50_Chest.json', 'CatDog': 'C:\\models\\Epochs_40_CatDog.json'}
8.RandomSeed = 2
9.doc_path = C:\Users\Flori\Documents\GitHub\t
10.img_size_x = 224
11.img_size_y = 224
12.norm = False
13.color = True
14.pretrain = None
15.equal_data = False
16.shuffle = True
17.epochs = 50
18.val_size = 600
19.test_size = 900
20.Batch_size = 32 
 
 
 The results where: 
1.score = 0.9981249179034927
2.acc_epoch = [0.22199265381083563, 0.2727272727272727, 0.8455004591368228, 0.9722222222222222, 0.9793388429752066, 0.9839302112029384, 0.9871441689623508, 0.9896694214876033, 0.9910468319559229, 0.9924242424242424, 0.9931129476584022, 0.993801652892562, 0.9935720844811754, 0.9942607897153352, 0.9956382001836547, 0.9954086317722681, 0.9963269054178145, 0.9965564738292011, 0.9967860422405876, 0.9970156106519743, 0.9970156106519743, 0.9970156106519743, 0.9970156106519743, 0.9970156106519743, 0.9970156106519743, 0.9974747474747475, 0.9972451790633609, 0.9974747474747475, 0.9974747474747475, 0.9974747474747475, 0.9974747474747475, 0.9979338842975206, 0.9979338842975206, 0.9979338842975206, 0.9979338842975206, 0.9979338842975206, 0.9979338842975206, 0.9979338842975206, 0.9979338842975206, 0.9979338842975206, 0.9979338842975206, 0.9979338842975206, 0.9979338842975206, 0.9979338842975206, 0.9979338842975206, 0.9979338842975206, 0.9979338842975206, 0.9979338842975206, 0.9979338842975206, 0.9979338842975206]
3.val_acc_epoch = [0.24666666626930236, 0.24666666626930236, 0.9683333333333334, 0.9766666666666667, 0.98, 0.9833333333333333, 0.985, 0.985, 0.9866666666666667, 0.9833333333333333, 0.9866666666666667, 0.9833333333333333, 0.9883333333333333, 0.9883333333333333, 0.9883333333333333, 0.9833333333333333, 0.9866666666666667, 0.985, 0.9866666666666667, 0.99, 0.9866666666666667, 0.99, 0.99, 0.9833333333333333, 0.9883333333333333, 0.9883333333333333, 0.9883333333333333, 0.9833333333333333, 0.9883333333333333, 0.9866666666666667, 0.99, 0.9866666666666667, 0.9883333333333333, 0.9883333333333333, 0.9883333333333333, 0.9883333333333333, 0.9883333333333333, 0.9883333333333333, 0.9883333333333333, 0.9883333333333333, 0.9883333333333333, 0.9866666666666667, 0.9883333333333333, 0.9883333333333333, 0.9883333333333333, 0.9883333333333333, 0.9883333333333333, 0.9883333333333333, 0.9883333333333333, 0.9883333333333333]
4.loss_epoch = [1.3903683179885122, 1.367285934580478, 1.343178637756789, 1.3191812105196348, 1.2955869743865602, 1.2722922592014212, 1.2493282287792944, 1.226675798632444, 1.204161683061563, 1.1818562475665104, 1.1598407451552575, 1.137965257283851, 1.1162689391137046, 1.0947605268576477, 1.073276806468806, 1.0520578666604692, 1.0308437006970521, 1.0097773209200527, 0.9889252844811361, 0.9679854476637967, 0.9473935660689768, 0.9268413631055638, 0.9065402483480364, 0.886370346839544, 0.8663170169098209, 0.8463124231639754, 0.8266365442722625, 0.8070991773798009, 0.7877898809557338, 0.7686504227399169, 0.7496057660126489, 0.7310627186593931, 0.7126336971261942, 0.6946031025946962, 0.6769390921728451, 0.6596139920644524, 0.6426240911277967, 0.62602793316539, 0.60979847885032, 0.5939502796522513, 0.5785054396991888, 0.5634516413546791, 0.5488032289225646, 0.5345634690548325, 0.5207267411812606, 0.5072858153514844, 0.4942587162509109, 0.48171250923058656, 0.46949435355906316, 0.4576702928247531]
5.vall_loss_epoch = [0.695145177046458, 0.6863393910725911, 0.6772119045257569, 0.6682254266738892, 0.6591987260182699, 0.6501550793647766, 0.6411649640401205, 0.6321315375963846, 0.6231511489550272, 0.6142743754386902, 0.6051965792973836, 0.5963819718360901, 0.5868286077181498, 0.5778506684303284, 0.5682126927375794, 0.5596369918187459, 0.549657465616862, 0.540845963160197, 0.5309324256579081, 0.5206491899490356, 0.511689061721166, 0.501447099049886, 0.4914556173483531, 0.48271462281545, 0.4720754277706146, 0.4623409446080526, 0.4524190708001455, 0.4439215870698293, 0.4329822115103404, 0.4236918858687083, 0.4126433769861857, 0.40504287242889403, 0.39427450299263, 0.3850559953848521, 0.37588207244873045, 0.3665307064851125, 0.3574264367421468, 0.34883070826530455, 0.34027841448783874, 0.331766756772995, 0.3236965787410736, 0.31641589363416034, 0.3075056771437327, 0.2996612763404846, 0.29210532546043394, 0.2853619662920634, 0.2778482151031494, 0.2708482778072357, 0.26443927923838295, 0.2579175625244776]
Figure name: 
C:\Users\Flori\Documents\GitHub\figs\2018_12_29_RUNEXPERIMENT_FigureLOSS&ACC0131.png
 NONE 