Floris Fok 
2018/12/29      At: 0:11:30
 
 
 The params where: 
1.Data = Chest
2.data_name = None
3.style = FT
4.model = imagenet
5.file_path = C:\chest_xray
6.pickle_path = C:\pickles\Chest_int
7.model_path = {'KaggleDR': 'C:\\models\\Epochs_50_kaggleDR.json', 'Chest': 'C:\\models\\Epochs_50_Chest.json', 'CatDog': 'C:\\models\\Epochs_40_CatDog.json'}
8.RandomSeed = 2
9.doc_path = C:\Users\Flori\Documents\GitHub\t
10.img_size_x = 224
11.img_size_y = 224
12.norm = False
13.color = True
14.pretrain = None
15.equal_data = False
16.shuffle = True
17.epochs = 50
18.val_size = 600
19.test_size = 900
20.Batch_size = 32 
 
 
 The results where: 
1.score = 0.9947356689224739
2.acc_epoch = [0.7630853994490359, 0.8744260789715336, 0.9033516988062442, 0.9194214876033058, 0.9380165289256198, 0.9430670339761249, 0.9435261707988981, 0.9455922865013774, 0.9545454545454546, 0.953168044077135, 0.9570707070707071, 0.9630394857667585, 0.9527089072543617, 0.9577594123048668, 0.9602846648301194, 0.9644168962350781, 0.9533976124885216, 0.9726813590449954, 0.9781910009182736, 0.9797979797979798, 0.9749770431588614, 0.9807162534435262, 0.9726813590449954, 0.9772727272727273, 0.9820936639118457, 0.9859963269054178, 0.9763544536271809, 0.9832415059687787, 0.9908172635445363, 0.9878328741965106, 0.9933425160697889, 0.993801652892562, 0.9944903581267218, 0.9944903581267218, 0.9944903581267218, 0.9944903581267218, 0.9947199265381084, 0.9947199265381084, 0.9947199265381084, 0.9947199265381084, 0.9947199265381084, 0.9947199265381084, 0.9947199265381084, 0.9947199265381084, 0.9947199265381084, 0.9947199265381084, 0.9947199265381084, 0.9947199265381084, 0.9947199265381084, 0.9947199265381084]
3.val_acc_epoch = [0.8499999992052714, 0.8883333333333333, 0.9149999992052714, 0.9216666674613953, 0.9000000007947286, 0.9533333325386047, 0.961666665871938, 0.9033333341280619, 0.97, 0.9733333333333334, 0.9633333333333334, 0.97, 0.9683333333333334, 0.955, 0.9733333333333334, 0.965, 0.9499999992052715, 0.9716666666666667, 0.9733333333333334, 0.975, 0.97, 0.97, 0.975, 0.9783333333333334, 0.9766666666666667, 0.9766666666666667, 0.7800000007947286, 0.9733333333333334, 0.9683333325386048, 0.98, 0.9783333333333334, 0.9816666666666667, 0.98, 0.9816666666666667, 0.9816666666666667, 0.9816666666666667, 0.9816666666666667, 0.9816666666666667, 0.9816666666666667, 0.9816666666666667, 0.9816666666666667, 0.9816666666666667, 0.9816666666666667, 0.9816666666666667, 0.9816666666666667, 0.9816666666666667, 0.9816666666666667, 0.9816666666666667, 0.98, 0.98]
4.loss_epoch = [1.3785884406612596, 1.3539487897419296, 1.3235178760041657, 1.2927779631947465, 1.2600699374170015, 1.2285909852486778, 1.194714136031705, 1.1582138400432491, 1.1157150884852485, 1.0715483505316454, 1.018947485338339, 0.960075053958525, 0.9111482211490417, 0.8508000786529976, 0.7815783501656588, 0.710876286002449, 0.667950249955236, 0.5759030565195286, 0.5074428884232121, 0.44798925986959914, 0.4129517172814729, 0.3622594840817762, 0.347692003536925, 0.30812144848707074, 0.27178971021956977, 0.23920896074660225, 0.24768158555359224, 0.21440085796066333, 0.17402811956662886, 0.17929380090139238, 0.14535566904437552, 0.13436718341527562, 0.12503948658567923, 0.11883715509383147, 0.11386123236655313, 0.10973009709320121, 0.10322126058247573, 0.09991009313445555, 0.09713657948815352, 0.09469788965210661, 0.0925779137298588, 0.09071007158172799, 0.08905799724024792, 0.087601193657044, 0.08628486403707959, 0.08511355062271062, 0.0840697815458746, 0.08312885705432944, 0.08228980665692942, 0.08161701224710112]
5.vall_loss_epoch = [0.6790838209788005, 0.6634593796730042, 0.6468636759122213, 0.6323599664370219, 0.6208376757303874, 0.5943533563613892, 0.5747973942756652, 0.5720507407188415, 0.5298352185885111, 0.5036814868450165, 0.478708252509435, 0.44523637572924296, 0.41418493072191875, 0.3924163480599721, 0.3446971571445465, 0.3204429837067922, 0.30284469842910766, 0.2580626513560613, 0.22829838911692302, 0.20248779515425364, 0.19058089474836984, 0.17074400087197622, 0.1539159306883812, 0.14112278471390408, 0.13439992199341455, 0.12271303087472915, 0.5370976916948954, 0.11620423158009847, 0.12537517805894216, 0.10303376490871112, 0.09804023370146751, 0.09544626315434773, 0.09514153942465782, 0.09287491659323374, 0.09061531946063042, 0.09042926636834939, 0.0895043084025383, 0.08905834309756756, 0.08855095920463403, 0.08786213961740334, 0.08746306548515956, 0.08734484903514385, 0.08722705053786436, 0.08751540921628476, 0.08706408962607384, 0.08681286918620268, 0.0864836453149716, 0.08619285382330417, 0.08565890565514564, 0.08445627344151338]
Figure name: 
C:\Users\Flori\Documents\GitHub\figs\2018_12_29_RUNEXPERIMENT_FigureLOSS&ACC0011.png
 NONE 