Floris Fok 
2018/12/15      At: 1:38:22
 
 
 The params where: 
1.Data = ISIC
2.RandomSeed = 7
3.img_size_x = 224
4.img_size_y = 224
5.norm = False
6.color = True
7.pretrain = None
8.equal_data = False
9.shuffle = True
10.epochs = 50
11.val_size = 300
12.test_size = 400
13.Batch_size = 16 
 
 
 The results where: 
1.score = 0.8364628639571074
2.acc_epoch = [0.526908023483366, 0.6188845402340599, 0.6829745596868885, 0.7167318982387475, 0.7397260273972602, 0.7490215264187867, 0.7661448140900196, 0.7715264187866928, 0.7886497063412825, 0.8038160470833751, 0.8131115458716152, 0.8170254401964684, 0.8287671232876712, 0.8385518589831612, 0.8365949118207345, 0.8449119374943339, 0.8561643834450007, 0.858610567398034, 0.857142857026214, 0.8723091976516634, 0.8742661446974469, 0.8698630138152733, 0.8786692759295499, 0.8894324853228963, 0.8737769079068403, 0.8972602740892459, 0.8899217222301461, 0.901174168297456, 0.892857142973786, 0.9129158513886588, 0.8987279842277796, 0.9246575343632185, 0.9163405086896191, 0.9026418787859191, 0.9099804304117326, 0.9178082192947253, 0.9231898237581122, 0.9241682974559687, 0.9300391388266054, 0.9319960861056752, 0.9109589042262322, 0.9305283758504983, 0.9554794520547946, 0.9535225048923679, 0.934931506849315, 0.9559686889620443, 0.9589041097056842, 0.9329745596868885, 0.9324853228962818, 0.9339530333847449]
3.val_acc_epoch = [0.58, 0.66, 0.693333334128062, 0.7100000007947286, 0.7266666658719381, 0.7366666674613953, 0.7166666674613953, 0.7433333333333333, 0.7766666658719381, 0.7599999992052714, 0.7599999992052714, 0.7533333325386047, 0.7666666666666667, 0.7566666666666667, 0.6533333341280619, 0.7799999992052714, 0.7466666666666667, 0.7699999992052714, 0.7766666666666666, 0.77, 0.75, 0.7133333325386048, 0.7633333325386047, 0.7733333333333333, 0.7266666666666667, 0.7533333333333333, 0.7633333325386047, 0.7633333325386047, 0.7566666658719381, 0.7733333325386047, 0.7166666666666667, 0.7833333333333333, 0.7766666658719381, 0.7466666666666667, 0.7499999992052714, 0.7566666666666667, 0.7633333333333333, 0.7699999992052714, 0.7766666666666666, 0.7399999992052714, 0.7866666666666666, 0.7566666658719381, 0.7799999992052714, 0.7733333333333333, 0.7633333325386047, 0.58, 0.7599999992052714, 0.7399999992052714, 0.7366666666666667, 0.74]
4.loss_epoch = [0.6916815027332119, 0.6853024095238538, 0.6809403565065268, 0.6780340116317958, 0.6751802350210351, 0.6731086640441954, 0.6706375847124073, 0.668803214676926, 0.6658808342864602, 0.6627177383801709, 0.660189985529084, 0.6576711977531299, 0.6549000693394014, 0.6511741548834948, 0.6492648555108013, 0.6458696457037953, 0.6424557470995386, 0.6399230584939632, 0.6369750509056793, 0.6330220056606599, 0.6298461972850643, 0.6280172888313488, 0.6244201387211301, 0.6185924858729667, 0.6200288326539639, 0.6129306264352892, 0.6115477565683264, 0.6073683457131955, 0.6058582948145335, 0.5989932018950027, 0.598710028625981, 0.5906770798558125, 0.5898690130379335, 0.591012269550107, 0.5856362059858214, 0.5811426211476559, 0.5766567745320718, 0.5730896657460356, 0.5690079725651825, 0.5650459637613913, 0.5686050067909076, 0.560242303780147, 0.5491972344028974, 0.5457863139313028, 0.5505130968098538, 0.5393740965195598, 0.5350228082643796, 0.5416076062593441, 0.5410435162411744, 0.5370314929583301]
5.vall_loss_epoch = [0.688219731648763, 0.6844760155677796, 0.6804223561286926, 0.6786254946390787, 0.6760164674123128, 0.6746896211306254, 0.6735846710205078, 0.6717623011271159, 0.668789673646291, 0.6681409541765849, 0.6656576379140218, 0.6654884918530782, 0.66316619237264, 0.6610562777519227, 0.6707200249036153, 0.6561811327934265, 0.6561810453732808, 0.6531454745928447, 0.6518930164972941, 0.6500291275978088, 0.6500793647766113, 0.6536724217732748, 0.6450119908650717, 0.6424722766876221, 0.6451330955823262, 0.6405873878796895, 0.641575702826182, 0.6377897667884826, 0.6412765677769979, 0.6326414036750794, 0.6423153336842855, 0.6305985641479492, 0.6277382095654805, 0.6313409010569254, 0.6254364164670309, 0.6258031145731608, 0.6260211761792501, 0.6222985490163168, 0.6168600916862488, 0.6286218380928039, 0.6157666524251302, 0.617813744544983, 0.6120966728528341, 0.6143441637357075, 0.6106143689155579, 0.690014762878418, 0.6157811919848124, 0.6164456748962402, 0.621304075717926, 0.6078498156865438]
6.data_name = two
7.method = kaggleDR
8.style = FT
Figure name: 
C:\Users\Flori\Documents\GitHub\t2018_12_15_RUNEXPERIMENT_FigureACC0138.png
C:\Users\Flori\Documents\GitHub\t2018_12_15_RUNEXPERIMENT_FigureLOSS&ACC0138.png