Floris Fok 
2018/12/14      At: 21:31:22
 
 
 The params where: 
1.Data = ISIC
2.RandomSeed = 2
3.img_size_x = 224
4.img_size_y = 224
5.norm = False
6.color = True
7.pretrain = None
8.equal_data = False
9.shuffle = True
10.epochs = 50
11.val_size = 300
12.test_size = 400
13.Batch_size = 16 
 
 
 The results where: 
1.score = 0.833674644522464
2.acc_epoch = [0.33489461358313816, 0.33489461358313816, 0.33489461358313816, 0.33489461358313816, 0.33489461358313816, 0.33489461358313816, 0.33489461358313816, 0.33489461358313816, 0.33489461358313816, 0.33489461358313816, 0.33489461358313816, 0.33489461358313816, 0.36855971896955503, 0.4768735362997658, 0.49385245901639346, 0.5087822014051522, 0.5090749414519906, 0.6826697892271663, 0.7110655737704918, 0.7019906323185011, 0.7148711943793911, 0.7233606557377049, 0.7078454332552693, 0.7338992974238876, 0.7300936768149883, 0.7289227166276346, 0.7245316159250585, 0.7110655737704918, 0.7207259953161592, 0.7213114754098361, 0.7145784543325527, 0.711943793911007, 0.710480093676815, 0.707552693208431, 0.7084309133489461, 0.7139929742388759, 0.7081381733021077, 0.7069672131147541, 0.6993559718969555, 0.7016978922716628, 0.6917447306791569, 0.6949648711943794, 0.6937939110070258, 0.6923302107728337, 0.6879391100702577]
3.val_acc_epoch = [0.3300000003973643, 0.3300000003973643, 0.3300000003973643, 0.3300000003973643, 0.3300000003973643, 0.3300000003973643, 0.3300000003973643, 0.3300000003973643, 0.3300000003973643, 0.3300000003973643, 0.3300000003973643, 0.3300000003973643, 0.43333333373069766, 0.396666667064031, 0.44666666706403096, 0.4500000003973643, 0.44, 0.61, 0.6166666666666667, 0.52, 0.6266666658719381, 0.61, 0.6099999992052714, 0.6233333341280619, 0.6400000007947286, 0.6366666674613952, 0.6466666674613952, 0.6300000007947286, 0.6366666674613952, 0.6466666674613952, 0.6400000007947286, 0.6466666674613952, 0.6200000007947286, 0.6233333341280619, 0.6433333341280619, 0.6400000007947286, 0.6133333341280619, 0.5466666666666666, 0.5999999992052714, 0.6000000007947286, 0.6033333341280619, 0.6033333341280619, 0.5833333341280619, 0.6000000007947286, 0.403333332935969]
4.loss_epoch = [1.0538822466930684, 1.0148838604920363, 0.9967789409869727, 0.9811120041639521, 0.9711295042439981, 0.9634617885326054, 0.9590769658602373, 0.9491096640079865, 0.9434297707376771, 0.9413454547978117, 0.9335623710161071, 0.9287500881199535, 0.926972655138869, 0.9205417355273869, 0.9165165122833967, 0.911374000531449, 0.9073686208881315, 0.9063887269491334, 0.9022337360181072, 0.9008999278450459, 0.8951712471260679, 0.8923730243006133, 0.8914896002698001, 0.8845679807439621, 0.8812865739125558, 0.8785903033663015, 0.8761463826936637, 0.8775776796374444, 0.8724985976967377, 0.868564533545206, 0.8660476269152461, 0.8636069018611864, 0.8612283015977025, 0.863219509778034, 0.8610064461303818, 0.8552975822109249, 0.8521444482043978, 0.8496439290828393, 0.8472537791980235, 0.8449579508019833, 0.8422284459900242, 0.8398963394433051, 0.8375431274083515, 0.835215368650557, 0.8343126309001753]
5.vall_loss_epoch = [1.0227817185719807, 1.0119523398081463, 1.0245181886355081, 0.9999346033732096, 0.9835086250305176, 1.01366956392924, 0.9796770985921224, 0.9707825843493144, 0.9714416003227234, 0.9830054926872254, 0.9645135243733723, 0.9650678483645121, 0.9624575813611348, 0.9583172456423441, 0.9605984203020732, 0.9484836618105571, 0.9477584656079611, 0.9476394422849019, 0.9513157963752746, 0.9771699611345926, 0.9446044580141704, 0.9451465694109599, 0.9384741139411926, 0.9363415948549907, 0.9339873083432515, 0.9342562294006348, 0.9313053766886393, 0.9348876754442851, 0.9292407170931498, 0.9268458493550619, 0.9267055900891622, 0.9240128095944723, 0.9240853190422058, 0.918714759349823, 0.9162873021761576, 0.9172345646222433, 0.9185389081637064, 0.9341924611727397, 0.9200559528668721, 0.9179963906606038, 0.9169684251149496, 0.9166212121645609, 0.919805289109548, 0.916381664276123, 1.1447540966669718]
6.data_name = three
7.method = kaggleDR
8.style = FT
Figure name: 
C:\Users\Flori\Documents\GitHub\t2018_12_14_RUNEXPERIMENT_FigureACC02131.png
C:\Users\Flori\Documents\GitHub\t2018_12_14_RUNEXPERIMENT_FigureLOSS&ACC02131.png