Floris Fok 
2018/12/17      At: 12:37:48
 
 
 The params where: 
1.Data = ISIC
2.data_name = two
3.style = FT
4.model = kaggleDR
5.file_path = C:\ISIC
6.pickle_path = C:\pickles\save_melanoom_color_
7.model_path = C:\models\Epochs_50_Chest.json
8.RandomSeed = 5
9.doc_path = C:\Users\Flori\Documents\GitHub\t
10.img_size_x = 224
11.img_size_y = 224
12.norm = False
13.color = True
14.pretrain = None
15.equal_data = False
16.shuffle = True
17.epochs = 50
18.val_size = 300
19.test_size = 400
20.Batch_size = 16 
 
 
 The results where: 
1.score = 0.7450340540495561
2.acc_epoch = [0.4740704500978474, 0.48434442258394395, 0.4882583170254403, 0.49315068487318525, 0.49902152641878667, 0.5097847357538116, 0.509295499079848, 0.5185909981013744, 0.5269080236000091, 0.5797455969272061, 0.6418786691592864, 0.6780821918974651, 0.7000978473581213, 0.7118395302160379, 0.7147749510763209, 0.7363013697463705, 0.7372798435608702, 0.7436399217221135, 0.7632093934630227, 0.7646771037181996, 0.7729941290418696, 0.7764187868094025, 0.7788649706457925, 0.7930528376900287, 0.7822896282966822, 0.7886497065745688, 0.795009784619169, 0.805283757455195, 0.7999021526418787, 0.8170254404297547, 0.8116438354997952, 0.8248532288461748, 0.8199608611733946, 0.8214285713119283, 0.8204500979640013, 0.8361056752634142, 0.824853228962818, 0.8268101762418878, 0.8317025441479543, 0.845890410842261, 0.8385518590998043, 0.8502935419577209, 0.8449119372610476, 0.8527397261440404, 0.843444227122514, 0.8478473580046876, 0.860078277886497, 0.8517612525628271, 0.869863013581987, 0.8566536204688936]
3.val_acc_epoch = [0.4666666666666667, 0.4766666666666667, 0.47333333333333333, 0.4633333333333333, 0.47333333333333333, 0.46, 0.473333332935969, 0.47333333333333333, 0.5333333333333333, 0.6066666670640309, 0.6133333333333333, 0.6633333325386047, 0.6566666658719381, 0.6599999992052714, 0.663333334128062, 0.6233333341280619, 0.6033333333333334, 0.673333334128062, 0.6966666674613953, 0.7233333333333334, 0.6833333325386047, 0.7133333333333334, 0.6733333325386047, 0.6933333325386047, 0.6699999992052714, 0.7033333325386047, 0.7066666674613953, 0.7300000007947286, 0.7300000007947286, 0.703333334128062, 0.74, 0.7066666674613953, 0.7066666666666667, 0.7233333341280619, 0.7233333341280619, 0.7466666666666667, 0.65, 0.6366666658719381, 0.75, 0.7333333341280619, 0.7533333341280619, 0.7533333333333333, 0.6933333333333334, 0.7666666666666667, 0.6966666666666667, 0.7366666666666667, 0.7133333341280619, 0.7466666666666667, 0.7766666666666666, 0.7500000007947286]
4.loss_epoch = [0.7051319538263892, 0.7028693392318756, 0.7015689876214866, 0.7003865527780089, 0.6993253306866626, 0.6983282858844839, 0.6971845266403751, 0.6956233270247622, 0.691972997207231, 0.6829347975566662, 0.6756837784427486, 0.6714463691188864, 0.6672574982717779, 0.6636057273282464, 0.6608646515530849, 0.6573095284329469, 0.654604670819471, 0.6534932015460064, 0.649116211091469, 0.6469658287770594, 0.6438685154028368, 0.6418743085721235, 0.6391158333729858, 0.6357979871288905, 0.6344635175165598, 0.6316612747783997, 0.6288239436840125, 0.6258626083338564, 0.6246575881123776, 0.6187897880949853, 0.6184576911935601, 0.6139707066074976, 0.6123002606595332, 0.6102860389157051, 0.6079969715232252, 0.602013821121298, 0.6024906792752663, 0.5997294438328529, 0.5966529325963, 0.5899940282398007, 0.5904939072006136, 0.5855263316468017, 0.5845926313017679, 0.5799079040491885, 0.5794682092162727, 0.5775483021997425, 0.5708856037918135, 0.5708573033665024, 0.5631044728648639, 0.5644493079698716]
5.vall_loss_epoch = [0.709723170598348, 0.708156832853953, 0.7073703320821126, 0.7068770408630372, 0.7060457491874694, 0.7053492800394694, 0.7034316825866699, 0.70187850634257, 0.6927532990773518, 0.6837835049629212, 0.6803354175885519, 0.6772510409355164, 0.6749797558784485, 0.6722005979220073, 0.6704510505994161, 0.6727655243873596, 0.6741148567199707, 0.6646333352724711, 0.6627481738726299, 0.6589157652854919, 0.6574020226796468, 0.6551912156740824, 0.6610125430425008, 0.6511268480618795, 0.6599195345242819, 0.6505341935157776, 0.6514216796557109, 0.6446956833203633, 0.6412818646430969, 0.6487513868014018, 0.6346756211916605, 0.6456306672096253, 0.6449060654640197, 0.6349554594357808, 0.636875885327657, 0.6290693712234497, 0.6525137011210124, 0.6604219698905944, 0.621575079758962, 0.6240804711977641, 0.6182394766807556, 0.6182877564430237, 0.6368863193194071, 0.6123646179835002, 0.6350684340794881, 0.615325821240743, 0.618463089466095, 0.6134916138648987, 0.6019025254249573, 0.6084378266334534]
6.data_name = two
7.method = kaggleDR
8.style = FT
Figure name: 
C:\Users\Flori\Documents\GitHub\t2018_12_17_RUNEXPERIMENT_FigureLOSS&ACC01237.png
 NONE 