Floris Fok 
2018/12/13      At: 18:44:50
 
 
 The params where: 
1.Data = ISIC
2.RandomSeed = 2
3.img_size_x = 224
4.img_size_y = 224
5.norm = False
6.color = True
7.pretrain = None
8.equal_data = False
9.shuffle = True
10.epochs = 50
11.val_size = 300
12.test_size = 400
13.Batch_size = 16 
 
 
 The results where: 
1.score = 0.8033913579725048
2.acc_epoch = [0.5636007827205434, 0.604696673306467, 0.6262230920348382, 0.6643835616438356, 0.6829745596868885, 0.7089041097056842, 0.7196673188657443, 0.7421722113502935, 0.7514677103718199, 0.7568493151851363, 0.767123287787876, 0.7935420743639922, 0.7940313112712419, 0.7935420744806353, 0.8072407046176217, 0.8224070450097848, 0.8287671231710281, 0.8302348335428481, 0.8409980430528375, 0.8424657533080144, 0.839041095890411, 0.8625244619561735, 0.8483365947952942, 0.8649706457925636, 0.8590998044219269, 0.8625244617228872, 0.8762230920931597, 0.8776908023483366, 0.8742661448724116, 0.9006849315068494, 0.8997064580422791, 0.8889432485322897, 0.9021526419953124, 0.9060665360868794, 0.9114481409001957, 0.9295499021526419, 0.9178082191780822, 0.9197651664571519, 0.9349315069659582, 0.9266144812923588, 0.9290606652453921, 0.9256360077111455, 0.9432485324062713, 0.9378669274763118, 0.9510763209393346, 0.952054794520548, 0.939334638081418, 0.9412915850105584, 0.9437377690802349, 0.9574363992172211]
3.val_acc_epoch = [0.6533333325386047, 0.5899999992052714, 0.66, 0.6866666666666666, 0.6800000007947286, 0.7066666674613953, 0.6966666674613953, 0.7033333325386047, 0.6666666658719381, 0.63, 0.6866666674613953, 0.7033333325386047, 0.6833333325386047, 0.7166666666666667, 0.7133333325386048, 0.7099999992052713, 0.7133333325386048, 0.6566666674613952, 0.703333334128062, 0.6866666666666666, 0.6766666662693024, 0.6899999992052714, 0.696666665871938, 0.5699999992052714, 0.7133333333333334, 0.7, 0.6933333325386047, 0.6233333341280619, 0.6399999992052714, 0.6233333341280619, 0.7066666662693024, 0.7199999992052714, 0.6799999992052714, 0.7299999992052714, 0.7166666658719381, 0.6999999992052715, 0.7000000007947286, 0.6699999992052714, 0.6933333325386047, 0.7100000007947286, 0.7066666666666667, 0.686666665871938, 0.683333334128062, 0.673333334128062, 0.6966666674613953, 0.7366666666666667, 0.7333333333333333, 0.6266666674613952, 0.663333334128062, 0.7166666666666667]
4.loss_epoch = [0.6837071126687784, 0.668835217005586, 0.6562201397059715, 0.6438229516760944, 0.6361781448534091, 0.6272493523860864, 0.6148700085404801, 0.6095378123617452, 0.6014751840944159, 0.5987356003016642, 0.5934325140516352, 0.5823583177157811, 0.576213857549044, 0.5731554489779612, 0.5662091628679324, 0.5592763770349805, 0.5538512560486094, 0.5510957504671847, 0.5426187257477448, 0.539166619749685, 0.5378806996952065, 0.5253954426533088, 0.5285142194734861, 0.5176847796384135, 0.5175533336086049, 0.5147316573650637, 0.5041372773115416, 0.49841468266544975, 0.49837751386216944, 0.48300350167280076, 0.4793747453540272, 0.47964820545713494, 0.47136432573986614, 0.4673369480205842, 0.4625442249667621, 0.4457892549247891, 0.4525339532854972, 0.44795840844482826, 0.43050659303562516, 0.4352564172502133, 0.43045613478774425, 0.42699751059603086, 0.4152345898216718, 0.41272816569371235, 0.40064269105982175, 0.39425458226885113, 0.40159482084608356, 0.39781318374575936, 0.3909471172059352, 0.37744272898321285]
5.vall_loss_epoch = [0.6643071182568868, 0.6673289926846823, 0.6475843389829, 0.638700582186381, 0.6303235141436259, 0.628935600121816, 0.6288564268747966, 0.6260712202390035, 0.6394590735435486, 0.6468040053049723, 0.6232635029157003, 0.6162405172983806, 0.6287754853566487, 0.6130247004826863, 0.6236927223205566, 0.6167787758509318, 0.6180066561698914, 0.6287465325991313, 0.6098054432868958, 0.6163146344820658, 0.6089960233370463, 0.6119689170519511, 0.60868408203125, 0.6783511622746785, 0.605718735853831, 0.6045280464490255, 0.6054769190152486, 0.6577345021565755, 0.6407961773872376, 0.6509467720985412, 0.5948741714159648, 0.5899770299593607, 0.6106672024726868, 0.584188437461853, 0.5848078926404318, 0.5872407062848409, 0.6013388641675314, 0.6187950420379639, 0.5856269876162211, 0.587957631746928, 0.577925656636556, 0.5969179145495097, 0.6052528087298076, 0.6116593448321025, 0.5930800112088521, 0.5673308046658834, 0.5780173261960347, 0.6504158409436543, 0.6264428647359213, 0.5663801916440327]
6.data_name = two_combined
7.method = kaggleDR
8.style = FT
Figure name: 
C:\Users\Flori\Documents\GitHub\t2018_12_13_RUNEXPERIMENT_FigureACC01844.png
C:\Users\Flori\Documents\GitHub\t2018_12_13_RUNEXPERIMENT_FigureLOSS&ACC01844.png