Floris Fok 
2018/12/13      At: 15:56:9
 
 
 The params where: 
1.Data = ISIC
2.RandomSeed = 2
3.img_size_x = 224
4.img_size_y = 224
5.norm = False
6.color = True
7.pretrain = None
8.equal_data = False
9.shuffle = True
10.epochs = 50
11.val_size = 300
12.test_size = 400
13.Batch_size = 16 
 
 
 The results where: 
1.score = 0.9040235240575819
2.acc_epoch = [0.514187866927593, 0.5366927593538205, 0.5812133071240614, 0.6076320939334638, 0.6320939334637965, 0.6638943249698721, 0.6829745598035316, 0.7000978472414782, 0.7045009784735812, 0.7172211350293543, 0.7240704499812042, 0.7348336596078369, 0.7392367907232967, 0.7524461840696764, 0.7602739726027398, 0.7685909979264097, 0.7822896281800391, 0.7822896281800391, 0.797945205479452, 0.7959882584336686, 0.815068493150685, 0.8219178083358212, 0.8219178081025349, 0.8346379647749511, 0.840508806378874, 0.8351272016822009, 0.8522504893534337, 0.8395303327976608, 0.8493150684931506, 0.8605675145604605, 0.8586105675146771, 0.8586105675146771, 0.8654598825831703, 0.869863013581987, 0.8659491192571338, 0.8732876712328768, 0.87573385518591, 0.8747553817213398, 0.8825831703710463, 0.8884540117416829, 0.8884540116250398, 0.8904109590207527, 0.891389432601966, 0.9050880626223092, 0.8972602740892459, 0.8957925637174259, 0.9129158512720157, 0.9094911937377691, 0.9163405088062623, 0.9163405089229054]
3.val_acc_epoch = [0.5099999996026358, 0.5333333329359691, 0.5499999992052714, 0.5933333341280619, 0.6300000007947286, 0.6333333341280619, 0.6466666658719381, 0.67, 0.6699999992052714, 0.6633333333333333, 0.7000000007947286, 0.6999999992052715, 0.7366666674613953, 0.7466666674613953, 0.7299999992052714, 0.7166666658719381, 0.7166666666666667, 0.7533333333333333, 0.7133333333333334, 0.7366666666666667, 0.7466666658719381, 0.74, 0.7599999992052714, 0.7366666666666667, 0.7633333341280619, 0.7700000007947286, 0.7366666658719381, 0.7499999992052714, 0.7466666658719381, 0.7399999992052714, 0.7566666674613952, 0.7799999992052714, 0.7600000007947286, 0.7633333333333333, 0.7499999992052714, 0.7366666658719381, 0.7733333333333333, 0.793333334128062, 0.7833333341280619, 0.7866666666666666, 0.7833333333333333, 0.7966666666666666, 0.7733333333333333, 0.7800000007947286, 0.78, 0.7766666674613952, 0.7766666666666666, 0.8033333333333333, 0.7566666674613952, 0.7700000007947286]
4.loss_epoch = [0.6929760943886818, 0.6926777475967333, 0.6922955708960964, 0.6917811768628847, 0.691081966789268, 0.6901824139568904, 0.689131687648609, 0.6878832400195053, 0.6864915014246439, 0.684883050955905, 0.6830369573516621, 0.6812015217810927, 0.67906196476662, 0.6765563195232309, 0.6740221472169089, 0.6712888632035302, 0.6682540158469616, 0.6658933028549597, 0.6621029280169836, 0.65961685980836, 0.655017241456504, 0.6513987202233764, 0.6481284157403995, 0.644082580410571, 0.6396499235336095, 0.6366069115071381, 0.6306382180893257, 0.629351131953372, 0.6234433920416114, 0.6176847381601128, 0.6138391752532317, 0.6103621799418605, 0.603430836168054, 0.5988867048414719, 0.5953026784842728, 0.5872953331167218, 0.5814286639545762, 0.5754973649278778, 0.5675680605865971, 0.5599851121874472, 0.5529926101988776, 0.5460634870771792, 0.5391295426279131, 0.5265029406944133, 0.5215838690326638, 0.515738050998307, 0.5004812953173531, 0.4940689243449157, 0.482093893443535, 0.4723918842126245]
5.vall_loss_epoch = [0.6929679465293884, 0.692786541779836, 0.692551379998525, 0.6921706509590149, 0.6914988684654236, 0.6907116762797038, 0.6897820846239726, 0.6886478193600972, 0.6875391697883606, 0.6860918148358663, 0.684278461933136, 0.682534511089325, 0.6794353993733724, 0.677026690642039, 0.6752694582939148, 0.673995414574941, 0.6713491725921631, 0.6676412351926168, 0.6682996519406637, 0.6643609150250753, 0.6612411443392435, 0.659435285727183, 0.65541011095047, 0.6549569702148438, 0.649958401521047, 0.6461396765708923, 0.6496276942888896, 0.6450697843233745, 0.6419930879275004, 0.6393396973609924, 0.6334446517626444, 0.6262306690216064, 0.6271316504478455, 0.625060338973999, 0.623457157611847, 0.6253432218233744, 0.6138971122105916, 0.6035410777727763, 0.6019517199198405, 0.5935270595550537, 0.5925723441441854, 0.5853024005889893, 0.584613421758016, 0.5776069474220276, 0.5761600303649902, 0.5752462736765543, 0.5671948552131653, 0.5535728764533997, 0.5705623229344686, 0.5556165989240011]
6.data_name = two_combined
7.method = imagenet
8.style = FT
Figure name: 
C:\Users\Flori\Documents\GitHub\t2018_12_13_RUNEXPERIMENT_FigureACC01556.png
C:\Users\Flori\Documents\GitHub\t2018_12_13_RUNEXPERIMENT_FigureLOSS&ACC01556.png