Floris Fok 
2018/12/28      At: 16:2:41
 
 
 The params where: 
1.Data = Blood
2.data_name = None
3.style = FT
4.model = Chest
5.file_path = C:\blood-cells
6.pickle_path = C:\pickles\Blood
7.model_path = {'KaggleDR': 'C:\\models\\Epochs_50_kaggleDR.json', 'Chest': 'C:\\models\\Epochs_50_Chest.json', 'CatDog': 'C:\\models\\Epochs_40_CatDog.json'}
8.RandomSeed = 7
9.doc_path = C:\Users\Flori\Documents\GitHub\t
10.img_size_x = 224
11.img_size_y = 224
12.norm = False
13.color = True
14.pretrain = None
15.equal_data = False
16.shuffle = True
17.epochs = 50
18.val_size = 1500
19.test_size = 2000
20.Batch_size = 32 
 
 
 The results where: 
1.score = 0.8345243143351776
2.acc_epoch = [0.2523571824901843, 0.25235718246373745, 0.2523571824757212, 0.2523571824670433, 0.25235718247034916, 0.25235718247034916, 0.2523571824554728, 0.2523571824405964, 0.2523571824405964, 0.2523571824670433, 0.2523571824405964, 0.2520244037384334, 0.25424292844927315, 0.27476428174932865, 0.27986688848607616, 0.2861896838470095, 0.29717138101343177, 0.3143649472769802, 0.33333333334986265, 0.34098724349961307, 0.3493067110966658, 0.3538546866003302, 0.36128674430511293, 0.3670549084527983, 0.3713810316040591, 0.3765945646079196, 0.3864669994387571, 0.3893510815241703, 0.39678313922895303, 0.40133111477559363, 0.411425402094375, 0.4160843039048227, 0.4231835829768654, 0.42806433722897497, 0.43771491953881, 0.4413754852956623, 0.453133666075671, 0.45657237930160327, 0.46611203555590036, 0.4618968385924119, 0.468441486419801, 0.4790904048146371, 0.4814198557595313, 0.4850804215097718, 0.4845257903312354, 0.4929561841276309, 0.49140321679467036, 0.48829728226759533, 0.49051580697843516, 0.4937326677627056]
3.val_acc_epoch = [0.2653333333333333, 0.2653333333333333, 0.2653333333333333, 0.2653333333333333, 0.2653333333333333, 0.2653333333333333, 0.2653333333333333, 0.2653333333333333, 0.2653333333333333, 0.2653333333333333, 0.2653333333333333, 0.2653333333333333, 0.2553333335717519, 0.26000000023841857, 0.25400000023841857, 0.28866666690508525, 0.2946666665871938, 0.3193333331743876, 0.3393333334128062, 0.3293333331743876, 0.3459999998410543, 0.34000000007947284, 0.3353333331743876, 0.33866666682561236, 0.35333333333333333, 0.35133333309491477, 0.34666666682561237, 0.33133333349227906, 0.32733333349227905, 0.34466666650772093, 0.3606666667461395, 0.3573333331743876, 0.3826666664282481, 0.3673333330949147, 0.3533333334128062, 0.2886666668256124, 0.40533333309491476, 0.4173333338101705, 0.36466666666666664, 0.36466666666666664, 0.424, 0.40733333309491476, 0.39133333309491475, 0.34933333317438764, 0.4280000004768372, 0.40599999968210854, 0.3853333331743876, 0.3959999997615814, 0.31200000015894575, 0.4313333330154419]
4.loss_epoch = [5.564055411602746, 5.559807343728927, 5.556602932437552, 5.554009617293999, 5.551740122925753, 5.549644254567024, 5.547754752021066, 5.544911267846013, 5.542834306569874, 5.540056106717601, 5.538786705744908, 5.5365450574501445, 5.534926201698189, 5.531826916470901, 5.528953198810055, 5.5234914395125525, 5.517190877160163, 5.505372302742448, 5.484622939136778, 5.464948878550093, 5.440678887782465, 5.4252147262518235, 5.401339784729037, 5.381735975399853, 5.358756140953822, 5.339571119267214, 5.310541321526483, 5.291327954502286, 5.259962785078695, 5.227122848297052, 5.186498762301055, 5.165069532209281, 5.118363306433772, 5.084233545767752, 5.041774645237809, 5.00031693654793, 4.950449578681392, 4.898395972534874, 4.825067886589503, 4.814869084995585, 4.752075674582771, 4.67970365930516, 4.631814530817456, 4.562512321810688, 4.546899842290302, 4.4668430047503325, 4.441998156665499, 4.408608932754297, 4.386473698121471, 4.341442003742034]
5.vall_loss_epoch = [1.389015601158142, 1.3882727403640747, 1.3876727352142333, 1.387281104405721, 1.386889209429423, 1.386640105565389, 1.3864670737584432, 1.3868775895436605, 1.386331657409668, 1.3867102982203166, 1.3862294794718424, 1.386175492286682, 1.3863646764755249, 1.385710108757019, 1.3854850594202677, 1.3858719816207885, 1.381787218729655, 1.3775526831944784, 1.3690449492136638, 1.3693480145136516, 1.3625316435496013, 1.3611127694447835, 1.3607249625523885, 1.3673103475570678, 1.3553921111424765, 1.3510670188268026, 1.3477289581298828, 1.3522092638015748, 1.3520032278696696, 1.340261923789978, 1.333794134457906, 1.3272256078720093, 1.3167140073776245, 1.3198126961390177, 1.3559569946924845, 1.380592560450236, 1.2872049134572348, 1.2775674848556517, 1.310094334602356, 1.318286053975423, 1.2562586510976155, 1.2697289209365845, 1.2766689955393473, 1.32944744904836, 1.2375343319574992, 1.2549348850250244, 1.273629487991333, 1.266373547554016, 1.4508054412206015, 1.2140770972569783]
Figure name: 
C:\Users\Flori\Documents\GitHub\figs\2018_12_28_RUNEXPERIMENT_FigureLOSS&ACC0162.png
 NONE 