Floris Fok 
2018/12/13      At: 23:45:7
 
 
 The params where: 
1.Data = ISIC
2.RandomSeed = 5
3.img_size_x = 224
4.img_size_y = 224
5.norm = False
6.color = True
7.pretrain = None
8.equal_data = False
9.shuffle = True
10.epochs = 50
11.val_size = 300
12.test_size = 400
13.Batch_size = 16 
 
 
 The results where: 
1.score = 0.8563022712599638
2.acc_epoch = [0.44028103044496486, 0.5146370023419203, 0.5433255269320844, 0.5500585480093677, 0.5761124121779859, 0.5930913348946136, 0.609192037470726, 0.6147540983606558, 0.6206088992974239, 0.6288056206088993, 0.6457845433255269, 0.6522248243559718, 0.6610070257611241, 0.664519906323185, 0.6680327868852459, 0.6738875878220141, 0.6894028103044496, 0.6888173302107728, 0.6937939110070258, 0.6993559718969555, 0.7113583138173302, 0.7192622950819673, 0.7242388758782201, 0.7230679156908665, 0.740632318501171, 0.7467798594847775, 0.7488290398126464, 0.7538056206088993, 0.7459016393442623, 0.7587822014051522, 0.7640515222482436, 0.7707845433255269, 0.7734192037470726, 0.7707845433255269, 0.7839578454332553, 0.775175644028103, 0.8006440281030445, 0.7936182669789227, 0.7915690866510539, 0.8085480093676815, 0.8105971896955504, 0.8038641686182669, 0.8296252927400468, 0.8231850117096019, 0.8211358313817331, 0.832552693208431, 0.8258196721311475, 0.8269906323185011, 0.8439695550351288, 0.8466042154566745]
3.val_acc_epoch = [0.4533333337306976, 0.5100000007947286, 0.5233333333333333, 0.5333333341280619, 0.5933333341280619, 0.4966666658719381, 0.4966666658719381, 0.553333334128062, 0.5700000007947286, 0.5533333333333333, 0.6333333333333333, 0.6066666674613953, 0.62, 0.586666665871938, 0.63, 0.5700000007947286, 0.6066666674613953, 0.6533333333333333, 0.6566666658719381, 0.5833333325386048, 0.6666666658719381, 0.6666666666666666, 0.5166666674613952, 0.6133333333333333, 0.573333334128062, 0.5966666658719381, 0.6366666666666667, 0.48666666746139525, 0.6666666658719381, 0.6266666674613952, 0.6566666666666666, 0.5999999992052714, 0.573333334128062, 0.7066666666666667, 0.5966666658719381, 0.6500000007947286, 0.676666665871938, 0.6466666666666666, 0.6266666658719381, 0.6433333333333333, 0.6799999992052714, 0.69, 0.66, 0.6, 0.7, 0.5966666666666667, 0.63, 0.6600000007947286, 0.6866666674613953, 0.6166666666666667]
4.loss_epoch = [1.076117835502714, 1.0495777699651427, 1.0398123523948901, 1.031140017006939, 1.0233049325697317, 1.0183296572129117, 1.0119860624541164, 1.0084932277576706, 1.003100361701197, 0.9983111815374406, 0.9906982755772682, 0.9878605689321246, 0.9834116726625161, 0.9794587728848781, 0.9780173402201097, 0.9735266288493779, 0.968122484533234, 0.9644971273542846, 0.9604984170100728, 0.9565640160294829, 0.9506266753623301, 0.9469433428252888, 0.9415653874220837, 0.9389030095844135, 0.9322663655884093, 0.9270781390281695, 0.9245608658366237, 0.9191803384999759, 0.9183136597450221, 0.9127999087686561, 0.9076195243370896, 0.9030353327824863, 0.8985557711096502, 0.8938832817647161, 0.8882740921661502, 0.887414097506771, 0.8729663121337354, 0.8742507594251521, 0.8739462820093302, 0.860296659503106, 0.857397166292338, 0.8550115420332558, 0.8411897468343552, 0.8410379318498616, 0.8408230021072495, 0.8271878996833426, 0.8294647784087921, 0.8241638686394523, 0.8117573576732877, 0.8062202744796628]
5.vall_loss_epoch = [1.0587091000874838, 1.0478870328267416, 1.0378324127197265, 1.0379770390192669, 1.0257377449671428, 1.041248337427775, 1.0565182209014892, 1.0293638308842976, 1.0258783515294392, 1.031544217268626, 1.0040125211079916, 1.0102126240730285, 1.0024301211039226, 1.0145149771372477, 0.9965689635276794, 1.0180431175231934, 0.9947471753756205, 0.99050479332606, 0.9861631266276042, 1.0126536726951598, 0.9763317863146465, 0.9857834275563558, 1.0323088518778483, 0.9798394584655762, 0.9890998911857605, 0.9948426405588786, 0.9812822127342224, 1.0417300359408062, 0.9642460783322652, 0.9716199588775635, 0.9576970235506693, 0.986637270450592, 0.9970915579795837, 0.9428746358553568, 0.9726217865943909, 0.9573113505045573, 0.9422308572133382, 0.9458888220787048, 0.9608520340919494, 0.9518976807594299, 0.9279253649711608, 0.9291682680447896, 0.9338322218259175, 0.9769738356272379, 0.9095768539110819, 0.9760942482948303, 0.9437506039937337, 0.9268219272295634, 0.9086282857259115, 0.9486900742848714]
6.data_name = three
7.method = kaggleDR
8.style = FT
Figure name: 
C:\Users\Flori\Documents\GitHub\t2018_12_13_RUNEXPERIMENT_FigureACC02345.png
C:\Users\Flori\Documents\GitHub\t2018_12_13_RUNEXPERIMENT_FigureLOSS&ACC02345.png