Floris Fok 
2018/12/27      At: 14:31:44
 
 
 The params where: 
1.Data = Blood
2.data_name = None
3.style = FT
4.model = KaggleDR
5.file_path = C:\blood-cells
6.pickle_path = C:\pickles\Blood
7.model_path = {'KaggleDR': 'C:\\models\\Epochs_50_kaggleDR.json', 'Chest': 'C:\\models\\Epochs_50_Chest.json', 'CatDog': 'C:\\models\\Epochs_40_CatDog.json'}
8.RandomSeed = 2
9.doc_path = C:\Users\Flori\Documents\GitHub\t
10.img_size_x = 224
11.img_size_y = 224
12.norm = False
13.color = True
14.pretrain = None
15.equal_data = False
16.shuffle = True
17.epochs = 50
18.val_size = 1500
19.test_size = 2000
20.Batch_size = 32 
 
 
 The results where: 
1.score = 0.8693674206117297
2.acc_epoch = [0.2708818635425499, 0.3478646700027183, 0.40831946757060583, 0.44448141981943146, 0.4675540764729843, 0.48164170827722785, 0.5002773156181944, 0.5220188574730127, 0.5282307265271627, 0.5391014975173831, 0.5490848585822751, 0.556627842497971, 0.5625069328499581, 0.5689406545242864, 0.5709373266909827, 0.5820299500435243, 0.5899057127142773, 0.5907931225338183, 0.6023294509746469, 0.6044370493753976, 0.6138657793162997, 0.6171935663379303, 0.6211869107109933, 0.6433721574755821, 0.6559068219237241, 0.6664448142051697, 0.683416527989039, 0.7033832501452695, 0.7169162507263476, 0.7265668330890763, 0.740765390968693, 0.7555185801045338, 0.7699389905051529, 0.7852468109302764, 0.7903494175909892, 0.8035496394434573, 0.8156405990545577, 0.827953410961862, 0.8379367720532007, 0.8452579035470701, 0.8500277315849605, 0.8560177482503425, 0.8632279533646997, 0.8712146423157889, 0.8784248474036993, 0.8813089295155594, 0.8833056017285377, 0.8835274542958222, 0.8863006100942873, 0.8909595119510171]
3.val_acc_epoch = [0.2773333333333333, 0.30533333333333335, 0.32066666666666666, 0.3306666668256124, 0.3366666665077209, 0.3439999998410543, 0.34133333325386045, 0.3460000001589457, 0.35000000007947285, 0.3599999999205271, 0.35599999992052717, 0.36866666650772095, 0.3666666668256124, 0.36999999976158143, 0.36800000015894574, 0.3886666665871938, 0.3860000001589457, 0.3886666668256124, 0.40133333349227907, 0.3986666665077209, 0.4246666666666667, 0.41066666674613955, 0.4353333331743876, 0.44533333309491474, 0.43533333341280617, 0.43933333349227904, 0.45866666666666667, 0.4593333331743876, 0.49866666666666665, 0.464, 0.49533333349227904, 0.5240000001589458, 0.5126666666666667, 0.534, 0.5366666663487752, 0.5366666671435039, 0.5646666663487753, 0.5700000004768372, 0.5873333338101705, 0.5626666663487753, 0.5786666663487753, 0.5800000004768372, 0.5733333330154419, 0.582, 0.5719999996821086, 0.6133333338101705, 0.5853333330154419, 0.5879999996821086, 0.611333333492279, 0.584]
4.loss_epoch = [5.554486328247713, 5.395029634961273, 5.26510544891696, 5.170528228112346, 5.094994939834756, 5.036236035129591, 4.981467856715536, 4.934487658239905, 4.890393268354589, 4.84154229473552, 4.796853011803567, 4.753751341025828, 4.711124602332092, 4.6699876438824255, 4.643779180900164, 4.588668987054132, 4.54264393794292, 4.515208762206439, 4.455770584007005, 4.427736350740251, 4.395617676363082, 4.356542754953462, 4.330679137959324, 4.239824587757959, 4.179558283741846, 4.120846993752605, 4.050374785464007, 3.9539794657935188, 3.872913342268019, 3.8113898707573375, 3.728833345618436, 3.6562824608416142, 3.5642373804905914, 3.4683436778804295, 3.4093150873020233, 3.3161547686481105, 3.2138017330444724, 3.1229903817242937, 3.0342297809757395, 2.949174462988584, 2.878427222326472, 2.791239939116797, 2.6999517227105145, 2.61233719602533, 2.5240240362836994, 2.459143632210696, 2.401139438489511, 2.3620849027543747, 2.300214791456594, 2.2274930634897943]
5.vall_loss_epoch = [1.3766796471277873, 1.36817844136556, 1.3619180291493733, 1.355214724858602, 1.3535429061253865, 1.3539406178792317, 1.3440398146311443, 1.3475374898910522, 1.3452372252146403, 1.342061980565389, 1.3365985097885131, 1.336189560254415, 1.3356736218134562, 1.3313308165868123, 1.3337817176183064, 1.331670286178589, 1.3382568610509236, 1.3295430256525675, 1.31070618724823, 1.3138607832590739, 1.2987334705988567, 1.3151062103907267, 1.2806033662160237, 1.2762410192489624, 1.2813810110092163, 1.2822742961247762, 1.2725891993840535, 1.257100005785624, 1.2207000239690144, 1.262518921216329, 1.2160284592310588, 1.2095114348729452, 1.2092821340560913, 1.1800976708730062, 1.187956576347351, 1.164459387143453, 1.1378317057291667, 1.132608252843221, 1.1340816221237182, 1.1383516925175985, 1.1196033763885498, 1.1102239786783854, 1.1194391791025797, 1.1115516103108725, 1.1196834376653035, 1.0532994826634725, 1.0995855518976847, 1.1106265188852946, 1.058649917602539, 1.0776985944112143]
Figure name: 
C:\Users\Flori\Documents\GitHub\figs\2018_12_27_RUNEXPERIMENT_FigureLOSS&ACC01431.png
 NONE 