Floris Fok 
2018/12/17      At: 16:50:4
 
 
 The params where: 
1.Data = ISIC
2.data_name = three
3.style = FT
4.model = kaggleDR
5.file_path = C:\ISIC
6.pickle_path = C:\pickles\save_melanoom_color_
7.model_path = C:\models\Epochs_50_Chest.json
8.RandomSeed = 7
9.doc_path = C:\Users\Flori\Documents\GitHub\t
10.img_size_x = 224
11.img_size_y = 224
12.norm = False
13.color = True
14.pretrain = None
15.equal_data = False
16.shuffle = True
17.epochs = 50
18.val_size = 300
19.test_size = 400
20.Batch_size = 16 
 
 
 The results where: 
1.score = 0.7895552195002249
2.acc_epoch = [0.3659250585480094, 0.38114754098360654, 0.3875878220140515, 0.39285714285714285, 0.4042740046838407, 0.41451990632318503, 0.422423887587822, 0.4329625292740047, 0.4335480093676815, 0.43911007025761123, 0.44437939110070257, 0.44730679156908665, 0.45930913348946134, 0.4569672131147541, 0.4724824355971897, 0.47599531615925056, 0.46955503512880564, 0.48653395784543324, 0.4874121779859485, 0.49033957845433257, 0.4961943793911007, 0.49473067915690866, 0.5020491803278688, 0.5052693208430913, 0.5128805620608899, 0.5117096018735363, 0.5199063231850117, 0.5187353629976581, 0.5190281030444965, 0.5260538641686182, 0.522248243559719, 0.5219555035128806, 0.5324941451990632, 0.53307962529274, 0.5389344262295082, 0.5456674473067916, 0.5357142857142857, 0.538056206088993, 0.5471311475409836, 0.5462529274004684, 0.5573770491803278, 0.5638173302107728, 0.5629391100702577, 0.5690866510538641, 0.5728922716627635, 0.5670374707259953, 0.5693793911007026, 0.5796252927400468, 0.5846018735362998, 0.5810889929742389]
3.val_acc_epoch = [0.41666666706403094, 0.4166666666666667, 0.41333333373069764, 0.41333333373069764, 0.42333333333333334, 0.43333333293596904, 0.4366666662693024, 0.44666666626930235, 0.4699999996026357, 0.4533333333333333, 0.4599999996026357, 0.46666666626930237, 0.46666666626930237, 0.44666666626930235, 0.473333332935969, 0.4799999996026357, 0.4599999996026357, 0.46666666626930237, 0.45666666626930236, 0.44333333293596905, 0.4599999996026357, 0.4499999996026357, 0.4799999996026357, 0.4799999996026357, 0.473333332935969, 0.46666666626930237, 0.4, 0.45666666626930236, 0.46666666626930237, 0.4766666662693024, 0.45333333293596906, 0.4599999996026357, 0.48333333293596903, 0.4266666662693024, 0.4999999996026357, 0.4799999996026357, 0.4766666666666667, 0.503333332935969, 0.503333332935969, 0.4999999996026357, 0.45333333293596906, 0.4966666662693024, 0.456666667064031, 0.45666666626930236, 0.49, 0.4699999996026357, 0.4866666662693024, 0.45666666626930236, 0.473333332935969, 0.456666667064031]
4.loss_epoch = [1.0944519805126502, 1.0851541936257962, 1.078164908031669, 1.0732702996747556, 1.0683778848246055, 1.0638603485719382, 1.0605536872385815, 1.0561894153264424, 1.054207108339046, 1.051464861952449, 1.0494410387246893, 1.0453604617498518, 1.0425303255925413, 1.03778466742826, 1.0359152943524041, 1.0339262778641747, 1.0322692408215526, 1.0258932202984634, 1.0246398083220043, 1.02165039892219, 1.0187974601495462, 1.0157246938633975, 1.0141397399142977, 1.0092702177146, 1.004856484835265, 1.0040523266066432, 0.9988175359766154, 0.9972822576831041, 0.9925780285158537, 0.9912956012216608, 0.9921439391946905, 0.9893748620634056, 0.9829349609951225, 0.9783981639272435, 0.9747014491005301, 0.9685890825347543, 0.9717790614246484, 0.9670103520364337, 0.9616273559228598, 0.9649906109591, 0.9527161739749149, 0.9460930863364798, 0.943561136862154, 0.939005516033262, 0.9332604039748323, 0.9341019506476802, 0.9299901824366014, 0.9198584664063375, 0.9150238478211664, 0.9167323997484158]
5.vall_loss_epoch = [1.0732562748591106, 1.0729061762491863, 1.067426298459371, 1.064322361946106, 1.062403794924418, 1.058645625114441, 1.0554523213704428, 1.053699215253194, 1.056824556986491, 1.0565576378504435, 1.0478821261723836, 1.0452395725250243, 1.0437165864308675, 1.047900940577189, 1.0404855346679687, 1.040189544359843, 1.039957660039266, 1.0403306833902994, 1.0403987805048625, 1.0470829391479493, 1.040489322344462, 1.0467511669794718, 1.0307320038477579, 1.0302573108673097, 1.0330126492182414, 1.037726043065389, 1.0852343765894572, 1.0447225681940715, 1.0369085041681925, 1.0263619057337443, 1.031647458076477, 1.0250866254170736, 1.0184080743789672, 1.0576625458399456, 1.0151210641860962, 1.02413746992747, 1.02713046391805, 1.0122742255528767, 1.007767767906189, 1.0126354503631592, 1.0400603246688842, 1.012533179918925, 1.0282939545313516, 1.039728070894877, 1.0066612656911214, 1.0232263644536337, 1.0113616323471069, 1.0385163895289102, 1.01272473971049, 1.0218245840072633]
6.data_name = three
7.method = kaggleDR
8.style = FT
Figure name: 
C:\Users\Flori\Documents\GitHub\t2018_12_17_RUNEXPERIMENT_FigureLOSS&ACC01650.png
 NONE 