Floris Fok 
2018/12/13      At: 18:2:59
 
 
 The params where: 
1.Data = ISIC
2.RandomSeed = 2
3.img_size_x = 224
4.img_size_y = 224
5.norm = False
6.color = True
7.pretrain = None
8.equal_data = False
9.shuffle = True
10.epochs = 50
11.val_size = 300
12.test_size = 400
13.Batch_size = 16 
 
 
 The results where: 
1.score = 0.8590915585042644
2.acc_epoch = [0.43588992974238877, 0.5055620608899297, 0.5442037470725996, 0.5764051522248244, 0.6018735362997658, 0.6100702576112412, 0.6296838407494145, 0.6490046838407494, 0.6560304449648712, 0.6820843091334895, 0.6826697892271663, 0.6943793911007026, 0.6958430913348946, 0.7087236533957846, 0.7210187353629977, 0.734192037470726, 0.7333138173302107, 0.7473653395784543, 0.7543911007025761, 0.7704918032786885, 0.7640515222482436, 0.7734192037470726, 0.7807377049180327, 0.797423887587822, 0.8038641686182669, 0.8152810304449649, 0.8141100702576113, 0.8348946135831382, 0.822599531615925, 0.8340163934426229, 0.8319672131147541, 0.8504098360655737, 0.8647540983606558, 0.8553864168618267, 0.8509953161592506, 0.8668032786885246, 0.8665105386416861, 0.8896370023419203, 0.8978337236533958, 0.9016393442622951, 0.8811475409836066, 0.8981264637002342, 0.8954918032786885, 0.9162763466042154, 0.8919789227166276, 0.8902224824355972, 0.897248243559719, 0.9025175644028103, 0.9238875878220141, 0.9341334894613583]
3.val_acc_epoch = [0.5200000007947286, 0.49333333333333335, 0.48666666746139525, 0.39, 0.51, 0.63, 0.6366666674613952, 0.6166666666666667, 0.5100000007947286, 0.6666666666666666, 0.5933333325386048, 0.7, 0.6999999992052715, 0.6366666666666667, 0.6866666674613953, 0.66, 0.6833333333333333, 0.6866666674613953, 0.6600000007947286, 0.6766666674613953, 0.6933333333333334, 0.693333334128062, 0.703333334128062, 0.473333332935969, 0.706666665871938, 0.5166666658719381, 0.6799999992052714, 0.6033333325386048, 0.7166666658719381, 0.6599999992052714, 0.6, 0.6633333325386047, 0.6966666674613953, 0.6933333333333334, 0.6300000007947286, 0.6900000007947286, 0.6966666674613953, 0.7066666674613953, 0.7266666666666667, 0.7166666658719381, 0.7199999992052714, 0.6899999992052714, 0.7133333333333334, 0.5899999992052714, 0.5366666658719381, 0.5766666674613953, 0.7200000007947286, 0.6866666666666666, 0.7433333325386048, 0.5766666666666667]
4.loss_epoch = [1.0664671170906943, 1.0285319329983178, 1.0081349471693017, 0.9922826653062878, 0.9748075062832173, 0.9637400598660006, 0.952885882078345, 0.9451911267966241, 0.9361357804762954, 0.9249908630965186, 0.9223777937944935, 0.9112210797202671, 0.9094088852265959, 0.8986661960425366, 0.8898838981811559, 0.8793122639979915, 0.87858633526036, 0.868970908939978, 0.8610343983357628, 0.8498603809075277, 0.8505571458043761, 0.8423067797542456, 0.8364407161918122, 0.8250275456654104, 0.8180060156335317, 0.8077676458157756, 0.8032684148893423, 0.7879345065257588, 0.7927052628519384, 0.7795026899779988, 0.7775948100681885, 0.7627670330800274, 0.74761471173244, 0.7515326607143572, 0.7491447569614831, 0.7368860017220366, 0.7331998674875121, 0.7126155138294926, 0.7032182593535483, 0.6950346519014595, 0.7047127457357402, 0.6888167953044525, 0.6873310192965791, 0.6671211091360946, 0.6806584715284844, 0.6776417862336027, 0.6686227120616117, 0.6610578823424614, 0.6361141310921876, 0.6229066307148274]
5.vall_loss_epoch = [1.040654001235962, 1.034088826974233, 1.0236779808998109, 1.0770515966415406, 1.0164874704678852, 0.9635415784517924, 0.9545474052429199, 0.9767560195922852, 1.0145228377978006, 0.9310035173098247, 0.9818690784772237, 0.9173720645904541, 0.9109434390068054, 0.9344374442100525, 0.913667246500651, 0.9371311664581299, 0.9139178665479024, 0.9047855846087138, 0.9125824666023254, 0.9175939496358235, 0.8905443008740743, 0.8985501289367676, 0.8843632849057516, 1.054155240058899, 0.8676778546969096, 1.0162867911656697, 0.8850455053647359, 0.965147168636322, 0.8651885803540548, 0.9084413901964823, 0.9376251824696858, 0.8874262364705404, 0.8769899757703146, 0.8732218813896179, 0.9232224233945211, 0.8717397284507752, 0.8603025221824646, 0.839632883866628, 0.8384490537643433, 0.8328992176055908, 0.8369029529889425, 0.8488350741068522, 0.8324630800882975, 0.9566605615615845, 1.0193556292851766, 0.9312164505322774, 0.8148161562283834, 0.8602764209111532, 0.8026282238960266, 0.9267311255137126]
6.data_name = three
7.method = kaggleDR
8.style = FT
Figure name: 
C:\Users\Flori\Documents\GitHub\t2018_12_13_RUNEXPERIMENT_FigureACC0182.png
C:\Users\Flori\Documents\GitHub\t2018_12_13_RUNEXPERIMENT_FigureLOSS&ACC0182.png