Floris Fok 
2018/12/29      At: 5:40:18
 
 
 The params where: 
1.Data = Chest
2.data_name = None
3.style = FT
4.model = imagenet
5.file_path = C:\chest_xray
6.pickle_path = C:\pickles\Chest_int
7.model_path = {'KaggleDR': 'C:\\models\\Epochs_50_kaggleDR.json', 'Chest': 'C:\\models\\Epochs_50_Chest.json', 'CatDog': 'C:\\models\\Epochs_40_CatDog.json'}
8.RandomSeed = 5
9.doc_path = C:\Users\Flori\Documents\GitHub\t
10.img_size_x = 224
11.img_size_y = 224
12.norm = False
13.color = True
14.pretrain = None
15.equal_data = False
16.shuffle = True
17.epochs = 50
18.val_size = 600
19.test_size = 900
20.Batch_size = 32 
 
 
 The results where: 
1.score = 0.9817029401035449
2.acc_epoch = [0.5732323232323232, 0.820018365472911, 0.879247015610652, 0.9143709825528007, 0.9304407713498623, 0.9389348025711662, 0.9476584022038568, 0.9474288337924701, 0.9547750229568411, 0.953168044077135, 0.9584481175390266, 0.959366391184573, 0.9655647382920111, 0.9719926538108357, 0.9708448117539027, 0.9641873278236914, 0.9630394857667585, 0.9680899908172635, 0.9765840220385675, 0.9655647382920111, 0.9820936639118457, 0.9853076216712581, 0.9827823691460055, 0.9839302112029384, 0.9830119375573921, 0.9830119375573921, 0.9777318640955005, 0.9866850321395776, 0.9901285583103765, 0.9892102846648301, 0.9853076216712581, 0.9944903581267218, 0.9832415059687787, 0.9853076216712581, 0.9951790633608816, 0.9935720844811754, 0.9956382001836547, 0.9956382001836547, 0.9960973370064279, 0.9935720844811754, 0.9963269054178145, 0.9894398530762167, 0.9931129476584022, 0.9960973370064279, 0.9972451790633609, 0.9965564738292011, 0.9960973370064279, 0.9894398530762167, 0.9970156106519743, 0.7300275482093664]
3.val_acc_epoch = [0.7850000007947286, 0.8483333341280619, 0.8833333341280619, 0.8733333333333333, 0.9083333325386047, 0.9433333333333334, 0.915, 0.9316666666666666, 0.9633333333333334, 0.96, 0.9583333333333334, 0.9516666666666667, 0.9150000007947287, 0.9633333341280619, 0.9733333341280619, 0.9266666666666666, 0.931666665871938, 0.9683333325386048, 0.7316666658719381, 0.9749999992052714, 0.9549999992052715, 0.9350000007947286, 0.9783333325386048, 0.9816666658719381, 0.9799999992052714, 0.9799999992052714, 0.9649999992052714, 0.9649999992052714, 0.96, 0.9699999992052714, 0.9799999992052714, 0.9749999992052714, 0.9216666674613953, 0.9766666658719381, 0.9816666658719381, 0.9783333325386048, 0.9749999992052714, 0.9766666658719381, 0.9666666658719381, 0.9716666658719381, 0.9650000007947286, 0.9716666658719381, 0.9766666658719381, 0.9749999992052714, 0.9749999992052714, 0.9783333325386048, 0.9799999992052714, 0.9833333325386048, 0.7316666658719381, 0.7316666658719381]
4.loss_epoch = [1.3816344051650076, 1.358434817241462, 1.328389702421246, 1.2961948959514349, 1.2646881634210423, 1.2313757984872473, 1.1942883547125223, 1.1582936025519672, 1.1133440047694085, 1.0699643426471286, 1.0179404980332836, 0.9608588203910954, 0.9009186652847339, 0.8298244424868988, 0.7658020080613696, 0.7134469664348606, 0.6558034964610504, 0.5865537075409657, 0.5112992176996447, 0.5036205648828582, 0.4044350330385185, 0.354175738778215, 0.327289961435797, 0.2887557349120728, 0.27269759700318014, 0.2492733000066983, 0.24960818015127909, 0.20447692499454137, 0.1865408727069641, 0.17448027968351945, 0.17883005929825171, 0.133907152081543, 0.17774789214572084, 0.1523910810276387, 0.10991767083728281, 0.1132569126066426, 0.09850654408294636, 0.0992977024287779, 0.0904029087908395, 0.09992122076130219, 0.08239020067852938, 0.1144577240053123, 0.0938421134367462, 0.08088544053534392, 0.06903885057259307, 0.0731048755676129, 0.06828713852867717, 0.10096470359969402, 0.06281948116966296, 2.4252803273109036]
5.vall_loss_epoch = [0.6887834644317627, 0.677859963575999, 0.6636034830411275, 0.6545066301027934, 0.63665340979894, 0.6162295365333557, 0.6055102801322937, 0.5855951309204102, 0.5558927353223165, 0.5357099501291911, 0.5125526142120361, 0.4905757292111715, 0.49221775809923807, 0.42532314936319987, 0.38698542793591817, 0.4032984737555186, 0.37929503758748373, 0.2989504460493724, 0.5873792894681295, 0.23945933024088542, 0.24431769132614137, 0.2742526924610138, 0.1702881234884262, 0.15528050422668457, 0.15057733158270517, 0.1392035323381424, 0.16231257955233255, 0.1531758721669515, 0.152264480193456, 0.11387824892997742, 0.1044320418437322, 0.11490604956944783, 0.21917659560839334, 0.10373154997825623, 0.09370643218358357, 0.09025392512480418, 0.10929276923338573, 0.10156114349762599, 0.11787184913953146, 0.09747567603985469, 0.10781334737936656, 0.10310557732979457, 0.09451190292835236, 0.08994865616162619, 0.08469444851080576, 0.09246064722537994, 0.08702490200599035, 0.07924555838108063, 1.0794648774464926, 0.5900619784990947]
Figure name: 
C:\Users\Flori\Documents\GitHub\figs\2018_12_29_RUNEXPERIMENT_FigureLOSS&ACC0540.png
 NONE 