Floris Fok 
2018/12/16      At: 14:53:43
 
 
 The params where: 
1.Data = Chest
2.file_path = C:\chest_xray
3.pickle_path = C:\pickles\Chest
4.model_path = C:\models\Epochs_
5.doc_path = C:\Users\Flori\Documents\GitHub\t
6.img_size_x = 224
7.img_size_y = 224
8.norm = True
9.color = True
10.pretrain = imagenet
11.equal_data = False
12.shuffle = True
13.epochs = 100
14.val_size = 400
15.test_size = 400
16.Batch_size = 32 
 
 
 The results where: 
1.score = 0.2346551724137931
2.acc_epoch = [0.36906645569620256, 0.2697784810126582, 0.2697784810126582, 0.2697784810126582, 0.2697784810126582, 0.2697784810126582, 0.2697784810126582, 0.2697784810126582, 0.2697784810126582, 0.2697784810126582, 0.2697784810126582, 0.2697784810126582, 0.2697784810126582, 0.2697784810126582, 0.2697784810126582, 0.2697784810126582, 0.2697784810126582, 0.2697784810126582, 0.2697784810126582, 0.2697784810126582, 0.2697784810126582, 0.2697784810126582, 0.2697784810126582, 0.2697784810126582, 0.2697784810126582, 0.2697784810126582, 0.2697784810126582, 0.2697784810126582, 0.2697784810126582, 0.2697784810126582, 0.2697784810126582, 0.2697784810126582, 0.2697784810126582, 0.2697784810126582, 0.2697784810126582, 0.2697784810126582, 0.2697784810126582, 0.2697784810126582, 0.2697784810126582, 0.2697784810126582, 0.2697784810126582, 0.2697784810126582, 0.2697784810126582, 0.2697784810126582, 0.2697784810126582, 0.2697784810126582, 0.2697784810126582, 0.2697784810126582, 0.2697784810126582, 0.2697784810126582, 0.2697784810126582, 0.2697784810126582, 0.2697784810126582, 0.2697784810126582, 0.2697784810126582, 0.2697784810126582, 0.2697784810126582, 0.2697784810126582, 0.2697784810126582, 0.2697784810126582, 0.2697784810126582, 0.2697784810126582, 0.2697784810126582, 0.2697784810126582, 0.2697784810126582, 0.2697784810126582, 0.2697784810126582, 0.2697784810126582, 0.2697784810126582, 0.2697784810126582, 0.2697784810126582, 0.2697784810126582, 0.2697784810126582, 0.2697784810126582, 0.2697784810126582, 0.2697784810126582, 0.2697784810126582, 0.2697784810126582, 0.2697784810126582, 0.2697784810126582, 0.2697784810126582, 0.2697784810126582, 0.2697784810126582, 0.2697784810126582, 0.2697784810126582, 0.2697784810126582, 0.2697784810126582, 0.2697784810126582, 0.2697784810126582, 0.2697784810126582, 0.2697784810126582, 0.2697784810126582, 0.2697784810126582, 0.2697784810126582, 0.2697784810126582, 0.2697784810126582, 0.2697784810126582, 0.2697784810126582, 0.2697784810126582, 0.2697784810126582]
3.val_acc_epoch = [0.2725, 0.2725, 0.2725, 0.2725, 0.2725, 0.2725, 0.2725, 0.2725, 0.2725, 0.2725, 0.2725, 0.2725, 0.2725, 0.2725, 0.2725, 0.2725, 0.2725, 0.2725, 0.2725, 0.2725, 0.2725, 0.2725, 0.2725, 0.2725, 0.2725, 0.2725, 0.2725, 0.2725, 0.2725, 0.2725, 0.2725, 0.2725, 0.2725, 0.2725, 0.2725, 0.2725, 0.2725, 0.2725, 0.2725, 0.2725, 0.2725, 0.2725, 0.2725, 0.2725, 0.2725, 0.2725, 0.2725, 0.2725, 0.2725, 0.2725, 0.2725, 0.2725, 0.2725, 0.2725, 0.2725, 0.2725, 0.2725, 0.2725, 0.2725, 0.2725, 0.2725, 0.2725, 0.2725, 0.2725, 0.2725, 0.2725, 0.2725, 0.2725, 0.2725, 0.2725, 0.2725, 0.2725, 0.2725, 0.2725, 0.2725, 0.2725, 0.2725, 0.2725, 0.2725, 0.2725, 0.2725, 0.2725, 0.2725, 0.2725, 0.2725, 0.2725, 0.2725, 0.2725, 0.2725, 0.2725, 0.2725, 0.2725, 0.2725, 0.2725, 0.2725, 0.2725, 0.2725, 0.2725, 0.2725, 0.2725]
4.loss_epoch = [1.0670386567900452, 1.0667955913121188, 1.066599956796139, 1.0664397214032426, 1.0662996784041199, 1.0661786538136155, 1.0660667260990868, 1.065971836636338, 1.0658815801143646, 1.0658063047294375, 1.065734257426443, 1.0656687183470666, 1.065611087823216, 1.0655637726753573, 1.0655170528194573, 1.0654775869997242, 1.0654391442673117, 1.0654044819029072, 1.065378392798991, 1.0653517695167396, 1.065329450595228, 1.0653050994571251, 1.0652850194822383, 1.0652681211882, 1.065251084445398, 1.0652386821523498, 1.0652267642413513, 1.0652153122274182, 1.0652061697048476, 1.0651960987833482, 1.0651876692530475, 1.065180763790879, 1.0651737134667891, 1.0651690046998519, 1.0651608237737342, 1.0651579295532614, 1.065152893715267, 1.0651491740836372, 1.0651469204244735, 1.0651428284524362, 1.0651400421239152, 1.0651375772077827, 1.065134040162533, 1.065134798801398, 1.0651309727867948, 1.0651302552675899, 1.065129584526714, 1.0651293174375462, 1.0651273052149182, 1.0651256928715525, 1.0651230280157886, 1.0651234226136268, 1.0651226349269287, 1.0651213779479642, 1.0651223591611356, 1.0651207939733434, 1.06512031260925, 1.0651210818109633, 1.0651200119453141, 1.0651200236398963, 1.0651181800455987, 1.0651189239719245, 1.0651181996623171, 1.0651181012014799, 1.065118529751331, 1.0651174025445045, 1.0651189782951451, 1.0651183833804312, 1.0651180721536468, 1.0651172150539447, 1.0651173651972903, 1.065118304159068, 1.0651176300229905, 1.0651147999340975, 1.065117610406272, 1.0651181472253195, 1.0651175394842896, 1.065116283637059, 1.0651179008846041, 1.065116078038759, 1.065117504400543, 1.0651168038573446, 1.0651160814339602, 1.0651155585729624, 1.0651176768013193, 1.0651179955729955, 1.065115573285501, 1.0651144592822352, 1.0651166439056396, 1.0651157490814789, 1.0651175572147853, 1.0651186568827569, 1.065118311326715, 1.0651182124886331, 1.065116338337524, 1.0651174153708205, 1.065117063024376, 1.0651141955882688, 1.0651150145862676, 1.0651144777672201]
5.vall_loss_epoch = [0.6943416857719421, 0.6955767440795898, 0.6966390442848206, 0.6976225805282593, 0.6985487103462219, 0.6994410610198974, 0.7002947163581849, 0.7010991287231445, 0.7018624544143677, 0.7026048016548156, 0.7033074140548706, 0.7039780640602111, 0.7046255993843079, 0.7052389311790467, 0.7058068060874939, 0.7063471722602844, 0.7068650436401367, 0.7073582744598389, 0.7078168392181396, 0.7082717132568359, 0.708701355457306, 0.7090955877304077, 0.7094763660430908, 0.7098470139503479, 0.7101968455314637, 0.7105207872390747, 0.710826268196106, 0.7111242961883545, 0.7113938903808594, 0.7116638469696045, 0.711918728351593, 0.7121564102172852, 0.7124004459381104, 0.7126078963279724, 0.712820565700531, 0.7130120038986206, 0.7132042169570922, 0.7133824682235718, 0.7135401201248169, 0.7136894750595093, 0.713850154876709, 0.7139902400970459, 0.7141181516647339, 0.7142410206794739, 0.7143442749977111, 0.7144640851020813, 0.7145764970779419, 0.7146812725067139, 0.7147803711891174, 0.7148616147041321, 0.7149528503417969, 0.7150426387786866, 0.7151213240623474, 0.7151563620567322, 0.7152398157119751, 0.7153104019165039, 0.715383586883545, 0.715447187423706, 0.7155167365074158, 0.715568904876709, 0.7156187272071839, 0.7156720113754272, 0.7157038593292236, 0.7157436418533325, 0.7157831692695618, 0.7158208131790161, 0.7158612871170044, 0.7159027767181396, 0.715930519104004, 0.7159604167938233, 0.7159690117835998, 0.7159989213943482, 0.7160346102714539, 0.716058325767517, 0.7160986161231995, 0.7161210203170776, 0.7161400508880615, 0.7161683654785156, 0.716178469657898, 0.7161959433555602, 0.7162243175506592, 0.7162417054176331, 0.7162374591827393, 0.716253502368927, 0.7162776947021484, 0.7162889766693116, 0.7163004159927369, 0.7163158702850342, 0.716321496963501, 0.7163350987434387, 0.7163596487045288, 0.7163649034500122, 0.7163756704330444, 0.7163415217399597, 0.7163569784164429, 0.7163594937324524, 0.716364107131958, 0.7163739013671875, 0.7163727045059204, 0.7163776993751526]
6.weights = {0: 3.0, 1: 1.0}
Figure name: 
C:\Users\Flori\Documents\GitHub\t2018_12_16_RUNEXPERIMENT_FigureLOSS&ACC01453.png
 NONE 