Floris Fok 
2018/12/17      At: 9:39:13
 
 
 The params where: 
1.Data = ISIC
2.data_name = two
3.style = FT
4.model = kaggleDR
5.file_path = C:\ISIC
6.pickle_path = C:\pickles\save_melanoom_color_
7.model_path = C:\models\Epochs_50_Chest.json
8.RandomSeed = 2
9.doc_path = C:\Users\Flori\Documents\GitHub\t
10.img_size_x = 224
11.img_size_y = 224
12.norm = False
13.color = True
14.pretrain = None
15.equal_data = False
16.shuffle = True
17.epochs = 50
18.val_size = 300
19.test_size = 400
20.Batch_size = 16 
 
 
 The results where: 
1.score = 0.8101561135278982
2.acc_epoch = [0.49951076323855415, 0.4995107631510718, 0.4995107630927502, 0.4995107630927502, 0.49951076320939336, 0.4995107631510718, 0.4995107631510718, 0.49951076320939336, 0.49951076326771493, 0.4995107631510718, 0.4995107633260365, 0.5787671232876712, 0.6482387474371729, 0.6682974558520457, 0.6810176125244618, 0.6927592953823783, 0.704500978356938, 0.7074363993338643, 0.7211350292375643, 0.730430528492377, 0.7372798433275839, 0.74168297467633, 0.7465753423491103, 0.7519569471624267, 0.7602739727193829, 0.7509784736978564, 0.7681017611358031, 0.7690802347170164, 0.7798434441103628, 0.7852250490403222, 0.7764187866927593, 0.7925636007827789, 0.7886497063412825, 0.7959882582003823, 0.7954990214097757, 0.8072407043843354, 0.8052837573385518, 0.8038160468500888, 0.8121330725236882, 0.8155577299412916, 0.8121330725236882, 0.8145792562434352, 0.8106653621518682, 0.8189823875921813, 0.8253424658700678, 0.8272994130324944, 0.8400195694716243, 0.8395303325643745, 0.8331702544031311, 0.8390410960070541]
3.val_acc_epoch = [0.5233333337306977, 0.5233333337306977, 0.5233333337306977, 0.5233333337306977, 0.5233333337306977, 0.5233333337306977, 0.5233333337306977, 0.5233333337306977, 0.5233333337306977, 0.5233333337306977, 0.5233333337306977, 0.6233333325386048, 0.63, 0.64, 0.68, 0.64, 0.67, 0.6866666666666666, 0.6699999992052714, 0.6666666674613952, 0.6933333333333334, 0.6966666666666667, 0.6900000007947286, 0.706666665871938, 0.7166666674613953, 0.696666665871938, 0.73, 0.7433333333333333, 0.7333333333333333, 0.6700000007947285, 0.7466666666666667, 0.7233333341280619, 0.74, 0.7333333341280619, 0.7233333325386048, 0.7366666674613953, 0.7633333325386047, 0.74, 0.7266666674613953, 0.7333333333333333, 0.7266666666666667, 0.74, 0.683333334128062, 0.7199999992052714, 0.69, 0.7133333333333334, 0.6000000007947286, 0.7433333333333333, 0.7600000007947286, 0.7366666674613953]
4.loss_epoch = [0.7003161609756037, 0.6928754044138988, 0.6896657999714293, 0.6868170007567583, 0.6843107567841293, 0.6817931736985298, 0.679377530185677, 0.6774624890543943, 0.6744828536785745, 0.6722215501529597, 0.6698492666279966, 0.6672487786138128, 0.664352791066739, 0.6615278128308559, 0.6586823165999933, 0.6558895101752533, 0.6533143832958841, 0.6503791455653316, 0.6472256453069922, 0.6434571387249897, 0.6418744833035478, 0.6383685140693725, 0.6354528307448162, 0.6321693897947174, 0.6284687636883058, 0.627855758144431, 0.6228213557525157, 0.6198455994609751, 0.6146111846436726, 0.612028940549802, 0.6104267230239167, 0.6031955781514864, 0.6019830366636676, 0.5979213335509402, 0.5951303468758347, 0.5891882737555383, 0.587771300525348, 0.5856241572159844, 0.5790812438481474, 0.5769057104732193, 0.5736547166120749, 0.5720739286473119, 0.5700726736548363, 0.5638885986781633, 0.5589470408434037, 0.5556443600738585, 0.548312816484567, 0.5470402115945013, 0.5463839438096885, 0.5398397460842319]
5.vall_loss_epoch = [0.6902933462460836, 0.687840367158254, 0.6854363028208414, 0.6831734649340312, 0.6811747050285339, 0.6786125159263611, 0.6771226366360982, 0.6744897866249084, 0.6725450197855631, 0.6702381992340087, 0.6692470558484396, 0.666705892086029, 0.6669850850105286, 0.6644840526580811, 0.6612572956085205, 0.6593889331817627, 0.6562701344490052, 0.6535979898770651, 0.6523140406608582, 0.6663162676493327, 0.6478767848014831, 0.6441775790850321, 0.6536959465344747, 0.6410154128074645, 0.6354259769121806, 0.6355897386868795, 0.6291943144798279, 0.6292440263430278, 0.6292733796437582, 0.6400602944691975, 0.6201035698254903, 0.6276623749732971, 0.6149989819526672, 0.6202275721232097, 0.6237089006106059, 0.6137182068824768, 0.6065646195411682, 0.6065941222508748, 0.6135517644882202, 0.6107957148551941, 0.6137397607167562, 0.6032694602012634, 0.6243883697191874, 0.6155011423428853, 0.6244614386558532, 0.615368804136912, 0.6716868138313293, 0.593840103149414, 0.588489355246226, 0.588284322420756]
6.data_name = two
7.method = kaggleDR
8.style = FT
Figure name: 
C:\Users\Flori\Documents\GitHub\t2018_12_17_RUNEXPERIMENT_FigureLOSS&ACC0939.png
 NONE 