Floris Fok 
2018/12/30      At: 4:54:0
 
 
 The params where: 
1.Data = Blood
2.data_name = None
3.style = FT
4.model = KaggleDR
5.file_path = C:\blood-cells
6.pickle_path = C:\pickles\Blood
7.model_path = {'KaggleDR': 'C:\\models\\Epochs_50_kaggleDR.json', 'Chest': 'C:\\models\\Epochs_50_Chest.json', 'CatDog': 'C:\\models\\Epochs_40_CatDog.json'}
8.RandomSeed = 7
9.doc_path = C:\Users\Flori\Documents\GitHub\t
10.img_size_x = 224
11.img_size_y = 224
12.norm = False
13.color = True
14.pretrain = None
15.equal_data = False
16.shuffle = True
17.epochs = 50
18.val_size = 1500
19.test_size = 2000
20.Batch_size = 32 
 
 
 The results where: 
1.score = 0.8529511122000739
2.acc_epoch = [0.24936217413600523, 0.27276760953635026, 0.2992789794455881, 0.32811980029641424, 0.34886300606457843, 0.36317249028073106, 0.38214087633047245, 0.4435940100428665, 0.4808652245892595, 0.4960621187042939, 0.5144758735044229, 0.5291181364987734, 0.5388796450492744, 0.5517470882194146, 0.5597337770250461, 0.5689406543986637, 0.5791458679581112, 0.5890183028616776, 0.6043261231082846, 0.6157515252687769, 0.6297282307860723, 0.6377149195123631, 0.6493621741607992, 0.653022739811864, 0.6592346090180835, 0.6563505269326704, 0.6673322240247107, 0.6764281752502264, 0.6840820853404713, 0.6867443150900102, 0.6899611758775864, 0.6824181918891615, 0.6843039378879207, 0.6929561841441603, 0.7188019966788247, 0.7211314476468599, 0.7255684969098583, 0.7281198002600497, 0.7301164725259219, 0.7316694398555766, 0.7328896283574456, 0.7345535218880961, 0.7339988907178243, 0.7317803660896309, 0.7337770382034335, 0.7327787021696733, 0.7348863005638122, 0.7294509151215958, 0.7357737105155877, 0.734553521841814]
3.val_acc_epoch = [0.2573333335717519, 0.27, 0.268, 0.2713333333333333, 0.2833333335717519, 0.2833333335717519, 0.29066666690508525, 0.30666666678587595, 0.3140000000198682, 0.3400000000397364, 0.34133333337306976, 0.33000000003973645, 0.34600000007947285, 0.3513333335717519, 0.36533333333333334, 0.372, 0.3786666667064031, 0.3906666669050852, 0.4106666666666667, 0.4020000001589457, 0.4239999998410543, 0.4159999998410543, 0.4433333334128062, 0.4319999998410543, 0.4373333331743876, 0.4359999999205271, 0.4373333331743876, 0.4493333333333333, 0.4613333333333333, 0.4586666664282481, 0.4573333331743876, 0.48066666650772094, 0.4473333331743876, 0.5293333333333333, 0.5466666664282481, 0.46933333317438763, 0.5573333330949147, 0.556, 0.5773333333333334, 0.59, 0.5566666664282481, 0.594, 0.5866666667461395, 0.5799999997615815, 0.5546666666666666, 0.5813333330154419, 0.5973333333333334, 0.5766666671435038, 0.5700000004768372, 0.5426666667461395]
4.loss_epoch = [5.576040373255792, 5.519178031195684, 5.458003325840532, 5.4040016504373405, 5.358998592258227, 5.313505957672746, 5.268698870996865, 5.219620716922229, 5.176794533827406, 5.131173060380679, 5.0853080655360845, 5.031493558846641, 4.977841437451389, 4.9250000981708, 4.874456611660806, 4.815564207202914, 4.749571273992013, 4.6808034325598085, 4.59022814559725, 4.501402257537419, 4.409404321174389, 4.320205163823454, 4.218860206350114, 4.13996078456301, 4.053149643092438, 3.9933559781104675, 3.889850648191328, 3.7752002776627798, 3.673639907059376, 3.584254276732637, 3.5046093559106457, 3.4883274520825363, 3.4246809955709057, 3.327116662478751, 3.2404607553847025, 3.152372628559487, 3.054752809050608, 2.9752300728180643, 2.891890404770524, 2.8352898763274723, 2.7608443410411123, 2.7080032585332345, 2.6726615298541465, 2.6505860159678782, 2.609035088020236, 2.563897795711566, 2.4979985160161173, 2.522977197137199, 2.4420278254576147, 2.4141121668347503]
5.vall_loss_epoch = [1.3899391969045003, 1.386565525372823, 1.384187339146932, 1.382339543024699, 1.3808182643254598, 1.3790738337834676, 1.3762266432444255, 1.3717422485351562, 1.3683484071095784, 1.3609762366612752, 1.3551977494557699, 1.3547210919062296, 1.350553647994995, 1.3475689086914062, 1.33563436794281, 1.340775957107544, 1.321708541870117, 1.3079628661473592, 1.2928367064793904, 1.3013444509506225, 1.274261502901713, 1.286793696085612, 1.2506641565958658, 1.253817619005839, 1.2476107311248779, 1.2372873986562094, 1.2325732628504436, 1.2290903482437134, 1.1872846740086873, 1.1935516500473022, 1.1681077108383178, 1.1593904708226521, 1.1958781150182087, 1.1766717713673909, 1.1530945663452148, 1.2863133017222086, 1.1088082812627156, 1.1291056474049885, 1.0843201615015665, 1.0510801496505737, 1.1206679801940918, 1.0574951839447022, 1.0663236424128215, 1.100287584622701, 1.1139636758168538, 1.085326298713684, 1.04709716574351, 1.0949894717534383, 1.1225116249720255, 1.1561479215621948]
Figure name: 
C:\Users\Flori\Documents\GitHub\figs\2018_12_30_RUNEXPERIMENT_FigureLOSS&ACC0454.png
 NONE 