Floris Fok 
2018/12/16      At: 19:31:10
 
 
 The params where: 
1.Data = Chest
2.file_path = C:\chest_xray
3.pickle_path = C:\pickles\Chest_equal
4.model_path = C:\models\Epochs_
5.doc_path = C:\Users\Flori\Documents\GitHub\t
6.img_size_x = 224
7.img_size_y = 224
8.norm = True
9.color = True
10.pretrain = imagenet
11.equal_data = False
12.shuffle = True
13.epochs = 50
14.val_size = 200
15.test_size = 200
16.Batch_size = 32 
 
 
 The results where: 
1.score = 0.7020308123249299
2.acc_epoch = [0.4985538684020246, 0.49855386853131883, 0.49855386831582843, 0.49855386844512267, 0.49855386842357363, 0.49855386842357363, 0.49855386842357363, 0.49855386831582843, 0.4985538684127991, 0.49855386842357363, 0.49855386853131883, 0.4985538683589265, 0.4985538684020246, 0.49855386844512267, 0.49855386853131883, 0.4985538684666717, 0.49855386844512267, 0.49855386844512267, 0.49855386842357363, 0.49855386844512267, 0.49855386842357363, 0.49855386853131883, 0.4985538684666717, 0.49855386842357363, 0.4985538684666717, 0.49855386844512267, 0.4985538684020246, 0.49855386848822075, 0.4985538684020246, 0.4985538683589265, 0.4985538683589265, 0.4985538684020246, 0.49855386842357363, 0.4985538683589265, 0.4985538683589265, 0.49855386842357363, 0.49855386844512267, 0.49855386853131883, 0.4985538684020246, 0.49855386844512267, 0.49855386853131883, 0.4985538684020246, 0.49855386842357363, 0.4985538684020246, 0.4985538684020246, 0.49855386844512267, 0.49855386842357363, 0.49855386844512267, 0.49855386853131883, 0.49855386842357363]
3.val_acc_epoch = [0.51, 0.51, 0.51, 0.51, 0.51, 0.51, 0.51, 0.51, 0.51, 0.51, 0.51, 0.51, 0.51, 0.51, 0.51, 0.51, 0.51, 0.51, 0.51, 0.51, 0.51, 0.51, 0.51, 0.51, 0.51, 0.51, 0.51, 0.51, 0.51, 0.51, 0.51, 0.51, 0.51, 0.51, 0.51, 0.51, 0.51, 0.51, 0.51, 0.51, 0.51, 0.51, 0.51, 0.51, 0.51, 0.51, 0.51, 0.51, 0.51, 0.51]
4.loss_epoch = [1.0357357011872275, 1.0307806625973033, 1.0263857807875196, 1.0222012588965745, 1.0183116958267173, 1.0145677368190955, 1.0109842241629259, 1.0075298577913407, 1.0041524187775512, 1.000975903401061, 0.9978836030091226, 0.9948795514958368, 0.9919778427953575, 0.9892456635391031, 0.9866701161956235, 0.9841853809460125, 0.9818637762393799, 0.9796554198837418, 0.9775789361110392, 0.9755987026772461, 0.973719411756539, 0.9719518286459531, 0.9702802684457079, 0.9687650256715472, 0.9673276837977136, 0.966008991326272, 0.9647569127558627, 0.9635898744120429, 0.9624925625556979, 0.9614835919371914, 0.9605965431582988, 0.9598219808856387, 0.9591733459881571, 0.9586244597007465, 0.9581291718234726, 0.9577098001799373, 0.9573623063938392, 0.9570716048442016, 0.9568044521717256, 0.956589971085174, 0.9564039150787624, 0.9562307393645688, 0.9560978484601967, 0.9559714843290746, 0.9558660486687462, 0.9557705887486257, 0.9557022213160087, 0.9556334160930939, 0.9555724530830301, 0.9555249423629033]
5.vall_loss_epoch = [0.6930096220970153, 0.6929489684104919, 0.6929876279830932, 0.6930981087684631, 0.6932765865325927, 0.69353844165802, 0.6938759756088256, 0.6942957258224487, 0.6947712898254395, 0.6953304958343506, 0.6959737682342529, 0.6967038440704346, 0.6975074291229248, 0.6983708477020264, 0.699314489364624, 0.7003052401542663, 0.7013639402389527, 0.702476110458374, 0.7036354446411133, 0.7048547506332398, 0.7061270642280578, 0.7074491262435914, 0.7087582874298096, 0.7101240301132202, 0.7114942121505737, 0.7128905272483825, 0.7143267011642456, 0.7158094191551209, 0.7172630977630615, 0.718710789680481, 0.7201285123825073, 0.7214757680892945, 0.7227448511123657, 0.7240123510360718, 0.7252402067184448, 0.7263495874404907, 0.7273722410202026, 0.7283879899978638, 0.7293122005462647, 0.7301452684402466, 0.7309820914268493, 0.7317571115493774, 0.7324614882469177, 0.73315988779068, 0.7338148379325866, 0.7343674993515015, 0.7349187111854554, 0.7354053974151611, 0.7359201169013977, 0.7363803386688232]
6.weights = {0: 1.0, 1: 2.0}
Figure name: 
C:\Users\Flori\Documents\GitHub\t2018_12_16_RUNEXPERIMENT_FigureLOSS&ACC01931.png
 NONE 