Floris Fok 
2018/12/29      At: 9:40:45
 
 
 The params where: 
1.Data = Chest
2.data_name = None
3.style = FT
4.model = KaggleDR
5.file_path = C:\chest_xray
6.pickle_path = C:\pickles\Chest_int
7.model_path = {'KaggleDR': 'C:\\models\\Epochs_50_kaggleDR.json', 'Chest': 'C:\\models\\Epochs_50_Chest.json', 'CatDog': 'C:\\models\\Epochs_40_CatDog.json'}
8.RandomSeed = 5
9.doc_path = C:\Users\Flori\Documents\GitHub\t
10.img_size_x = 224
11.img_size_y = 224
12.norm = False
13.color = True
14.pretrain = None
15.equal_data = False
16.shuffle = True
17.epochs = 50
18.val_size = 600
19.test_size = 900
20.Batch_size = 32 
 
 
 The results where: 
1.score = 0.9887450596780825
2.acc_epoch = [0.7421946740128559, 0.9005968778696052, 0.9359504132231405, 0.9515610651974288, 0.9609733700642792, 0.9696969696969697, 0.9715335169880625, 0.9763544536271809, 0.97910927456382, 0.9809458218549127, 0.9823232323232324, 0.9850780532598714, 0.9857667584940312, 0.9869146005509641, 0.9871441689623508, 0.987603305785124, 0.9878328741965106, 0.9882920110192838, 0.987603305785124, 0.9885215794306703, 0.9885215794306703, 0.9885215794306703, 0.9885215794306703, 0.988751147842057, 0.988751147842057, 0.9889807162534435, 0.9889807162534435, 0.9889807162534435, 0.9889807162534435, 0.9892102846648301, 0.9892102846648301, 0.9892102846648301, 0.9896694214876033, 0.9896694214876033, 0.9896694214876033, 0.9896694214876033, 0.9896694214876033, 0.98989898989899, 0.98989898989899, 0.98989898989899, 0.98989898989899, 0.98989898989899, 0.9818640955004592, 0.977961432506887, 0.9839302112029384, 0.9855371900826446, 0.9873737373737373, 0.9880624426078971, 0.9901285583103765, 0.9908172635445363]
3.val_acc_epoch = [0.8483333325386048, 0.8700000007947286, 0.8966666658719381, 0.8983333325386047, 0.8933333325386047, 0.9266666666666666, 0.915, 0.925, 0.9233333333333333, 0.91, 0.9283333333333333, 0.93, 0.93, 0.9283333333333333, 0.93, 0.9333333333333333, 0.9283333333333333, 0.93, 0.9266666666666666, 0.9283333333333333, 0.9283333333333333, 0.93, 0.93, 0.93, 0.93, 0.93, 0.93, 0.9316666666666666, 0.9316666666666666, 0.9316666666666666, 0.9316666666666666, 0.9333333333333333, 0.9333333333333333, 0.9333333333333333, 0.9333333333333333, 0.9333333333333333, 0.9366666666666666, 0.9383333333333334, 0.935, 0.9366666666666666, 0.9383333333333334, 0.9333333333333333, 0.9166666666666666, 0.9216666666666666, 0.9316666666666666, 0.9333333333333333, 0.9233333333333333, 0.93, 0.933333334128062, 0.935]
4.loss_epoch = [1.1338719067166332, 0.9602947116883334, 0.9081413678010742, 0.8689604298142363, 0.8370296655169751, 0.8074650878310751, 0.7841060343305379, 0.7590470197991125, 0.7356228292043107, 0.7133899037995615, 0.6945976308992524, 0.6715208561842982, 0.6533999672934372, 0.6350707250302597, 0.6187213763279911, 0.6023708189212477, 0.5872860319358258, 0.5718878855718397, 0.558767150557293, 0.5444521542204094, 0.5316341532491784, 0.5194048549025512, 0.5076477533365412, 0.49606675593758853, 0.48524334126377017, 0.47448818764629663, 0.46453258096898115, 0.4549109715732333, 0.44568062291110294, 0.43642357749825117, 0.42783236218987525, 0.4194957771029792, 0.4108615627083021, 0.40315223068573586, 0.3959089926451691, 0.388777116838675, 0.38189797296340144, 0.3748943632189783, 0.3684580426516064, 0.3622498506110562, 0.35621260619688955, 0.35034385400151197, 0.36362837872119863, 0.37159870908389514, 0.35153783907082453, 0.3423611186205301, 0.3321455924252614, 0.32679820785947195, 0.3147013063711021, 0.3074950040809817]
5.vall_loss_epoch = [0.5055743821461995, 0.4786473512649536, 0.45977189699808757, 0.4505009647210439, 0.45002323627471924, 0.42332677364349364, 0.41727627714474996, 0.4085844417413076, 0.400735369126002, 0.40835339228312173, 0.38567715962727867, 0.3786646091938019, 0.37471585869789126, 0.3694379202524821, 0.3640555989742279, 0.35624822656313576, 0.3525152353445689, 0.34591528137524924, 0.34596315066019695, 0.33913962841033934, 0.33381858984629315, 0.3299728739261627, 0.32560433506965636, 0.3209349962075551, 0.3165651830037435, 0.3136311654249827, 0.3100221812725067, 0.3055340588092804, 0.3030013914903005, 0.29929917375246684, 0.2959031351407369, 0.29326423088709513, 0.29054335594177244, 0.2884242804845174, 0.28602206587791446, 0.28347983638445534, 0.27964524070421853, 0.2764820237954458, 0.2756575373808543, 0.27346214294433596, 0.27077598214149473, 0.27051105300585426, 0.2953298012415568, 0.28437919735908507, 0.26591053207715354, 0.2619294238090515, 0.28035075585047403, 0.2630304165681203, 0.25777374068895975, 0.2541212554772695]
Figure name: 
C:\Users\Flori\Documents\GitHub\figs\2018_12_29_RUNEXPERIMENT_FigureLOSS&ACC0940.png
 NONE 