Floris Fok 
2018/12/13      At: 20:50:31
 
 
 The params where: 
1.Data = ISIC
2.RandomSeed = 5
3.img_size_x = 224
4.img_size_y = 224
5.norm = False
6.color = True
7.pretrain = None
8.equal_data = False
9.shuffle = True
10.epochs = 50
11.val_size = 300
12.test_size = 400
13.Batch_size = 16 
 
 
 The results where: 
1.score = 0.9541767557042592
2.acc_epoch = [0.34162763466042156, 0.37236533957845436, 0.40807962529274006, 0.492096018735363, 0.5392271662763466, 0.5731850117096019, 0.6001170960187353, 0.6223653395784543, 0.6428571428571429, 0.655152224824356, 0.6738875878220141, 0.6817915690866511, 0.6993559718969555, 0.7137002341920374, 0.7221896955503513, 0.7379976580796253, 0.7447306791569087, 0.7564402810304449, 0.7696135831381733, 0.7696135831381733, 0.7760538641686182, 0.7851288056206089, 0.7953747072599532, 0.7962529274004684, 0.8032786885245902, 0.8141100702576113, 0.8234777517564403, 0.8231850117096019, 0.832552693208431, 0.8334309133489461, 0.8512880562060889, 0.8545081967213115, 0.8521662763466042, 0.8621194379391101, 0.8559718969555035, 0.8553864168618267, 0.8518735362997658, 0.8761709601873536, 0.8741217798594848, 0.8703161592505855, 0.8846604215456675, 0.8788056206088993, 0.8946135831381733, 0.9118852459016393, 0.9086651053864169, 0.90807962529274, 0.9203747072599532, 0.9247658079625293, 0.9440866510538641, 0.935304449648712]
3.val_acc_epoch = [0.336666667064031, 0.3600000003973643, 0.42333333333333334, 0.5266666658719381, 0.556666665871938, 0.5666666674613953, 0.6100000007947286, 0.6133333341280619, 0.6066666674613953, 0.6333333333333333, 0.6400000007947286, 0.6599999992052714, 0.63, 0.6899999992052714, 0.6866666666666666, 0.6799999992052714, 0.7199999992052714, 0.6833333333333333, 0.6833333325386047, 0.7300000007947286, 0.7166666666666667, 0.6799999992052714, 0.7566666658719381, 0.7099999992052713, 0.73, 0.75, 0.7133333325386048, 0.7533333341280619, 0.7700000007947286, 0.7466666658719381, 0.77, 0.72, 0.7166666658719381, 0.7133333325386048, 0.7766666674613952, 0.7166666666666667, 0.7733333341280619, 0.7333333325386048, 0.7166666666666667, 0.7066666674613953, 0.79, 0.8066666674613953, 0.7433333333333333, 0.81, 0.83, 0.8166666674613953, 0.8433333325386048, 0.803333334128062, 0.82, 0.8266666674613953]
4.loss_epoch = [1.0982413794452748, 1.0972051430641907, 1.095430881692319, 1.0932399506312065, 1.0907177986529168, 1.0876363786657186, 1.0838733166107248, 1.0793028288200253, 1.0743703250304317, 1.0695506485061288, 1.0644449277560661, 1.05908208764409, 1.0530904752030026, 1.0477431320194897, 1.0423205764288086, 1.0349737268979433, 1.029150257903463, 1.0211536607920983, 1.0130345829755976, 1.0060386481832286, 0.9988979785168757, 0.9899370985790494, 0.9791243210330222, 0.9705146665595454, 0.9607235052267338, 0.9476790408619115, 0.9352609055941222, 0.9239705865221225, 0.9086544466242019, 0.8962910747639747, 0.8774345233792165, 0.8636564976716767, 0.849620531537773, 0.831530512216778, 0.8156496611635355, 0.8016256537872958, 0.7866683279881712, 0.7551511071046566, 0.738291218911736, 0.7222003280697717, 0.6953592010069228, 0.681457987434691, 0.6477834014200216, 0.6114199672426496, 0.5926240706332115, 0.5767798393057437, 0.5389760264328548, 0.5135989627458452, 0.47074621203911665, 0.4576685450953678]
5.vall_loss_epoch = [1.0979112068812051, 1.0963540124893187, 1.0941826438903808, 1.0917677895228068, 1.0891437689463297, 1.0861659018198648, 1.081807058652242, 1.0769963375727336, 1.0733272298177083, 1.0688613319396973, 1.0639702367782593, 1.0602304251988728, 1.0574566189448038, 1.0480068318049114, 1.0420251019795737, 1.0358401743570964, 1.030641352335612, 1.027907166481018, 1.0261811097462972, 1.0096363957722982, 1.0047758070627848, 1.0129137142499287, 0.9854450917243958, 0.9829686411221822, 0.9682368143399557, 0.9579403726259867, 0.96762584288915, 0.9373326102892557, 0.923216590086619, 0.919539700349172, 0.900854856967926, 0.8947810022036234, 0.9184457651774088, 0.8885059801737467, 0.844494812488556, 0.8770486330986023, 0.8145913219451905, 0.8281977359453837, 0.8145158545176188, 0.8693487238883972, 0.7522401682535808, 0.7244501280784607, 0.7408899267514547, 0.7178933978080749, 0.6702608482042949, 0.6736806400616964, 0.6306545758247375, 0.6519939398765564, 0.6123248823483785, 0.6051477448145548]
6.data_name = three
7.method = imagenet
8.style = FT
Figure name: 
C:\Users\Flori\Documents\GitHub\t2018_12_13_RUNEXPERIMENT_FigureACC02050.png
C:\Users\Flori\Documents\GitHub\t2018_12_13_RUNEXPERIMENT_FigureLOSS&ACC02050.png