Floris Fok 
2018/12/5      At: 22:8:19
 
 
 The params where: 
1.img_size_x = 224
2.img_size_y = 224
3.norm = False
4.color = True
5.pretrain = None
6.equal_data = True
7.shuffle = True
8.epochs = 50
9.val_size = 400
10.Batch_size = 16 
 
 
 The results where: 
1.score = 0.8170197315705128
2.acc_epoch = [0.5127986348122867, 0.5319965870307167, 0.5298634812286689, 0.5695392491467577, 0.5465017064846417, 0.6220136518771331, 0.6011092150170648, 0.6113481228668942, 0.6407849829351536, 0.6787542662116041, 0.6719283276450512, 0.7073378839590444, 0.7218430034129693, 0.7359215017064846, 0.7342150170648464, 0.7512798634812287, 0.7790102389078498, 0.7965017064846417, 0.8225255972696246, 0.8485494880546075, 0.8724402730375427, 0.8771331058020477, 0.8877986348122867, 0.9197952218430034, 0.9168088737201365, 0.9261945392491467, 0.9483788395904437, 0.9569112627986348, 0.950938566552901, 0.9552047781569966, 0.9692832764505119, 0.9859215017064846, 0.9812286689419796, 0.9782423208191127, 0.9812286689419796, 0.9790955631399317, 0.984641638225256, 0.9970136518771331, 0.9671501706484642, 0.981655290102389, 0.9833617747440273, 0.9893344709897611, 0.9995733788395904, 0.9995733788395904, 1.0, 1.0, 1.0, 1.0, 1.0, 1.0]
3.val_acc_epoch = [0.5375, 0.525, 0.5375, 0.475, 0.575, 0.6225, 0.5975, 0.55, 0.6175, 0.6725, 0.67, 0.685, 0.715, 0.6875, 0.65, 0.705, 0.72, 0.7375, 0.76, 0.745, 0.745, 0.7225, 0.7575, 0.7225, 0.74, 0.745, 0.6525, 0.7525, 0.7475, 0.745, 0.7475, 0.7075, 0.72, 0.76, 0.765, 0.745, 0.74, 0.7275, 0.735, 0.7025, 0.7025, 0.7475, 0.7575, 0.7425, 0.7625, 0.7575, 0.7575, 0.76, 0.76, 0.755]
4.loss_epoch = [0.7015579190270486, 0.6902655619403201, 0.6911067037045345, 0.6780078951205817, 0.6821200312607931, 0.6556101056902889, 0.6586499024983559, 0.6528274083300255, 0.626577483305752, 0.6082524193431738, 0.5856564506735819, 0.566917007083372, 0.5522793793841027, 0.5276847095212839, 0.5178686038625931, 0.5012094651065996, 0.4670754860285606, 0.4331702782228945, 0.39512827117695337, 0.3575125293926981, 0.297283287748135, 0.2877014954749228, 0.260876275268431, 0.20095140900806152, 0.22247960273519718, 0.18694751271056234, 0.14272856492701752, 0.11589727806620326, 0.14320648037161005, 0.12276402478358223, 0.09440062032160651, 0.042605585496032425, 0.059122375232873184, 0.06268441919178647, 0.06611706001156425, 0.05490140242854915, 0.05252780043480301, 0.007294095380786915, 0.1226688189325961, 0.06295582282979918, 0.04386075582743047, 0.03295202561742499, 0.004876478072476527, 0.0016555098828217344, 0.00014893564911568993, 5.182966719578006e-05, 3.1692692475248666e-05, 2.587600603510354e-05, 2.215022720363842e-05, 1.9480892984394857e-05]
5.vall_loss_epoch = [0.6901801371574402, 0.6902060341835022, 0.6889684057235718, 0.7935389351844787, 0.6796444272994995, 0.6517669034004211, 0.675469605922699, 0.6664528799057007, 0.658495728969574, 0.6107963514328003, 0.6393767130374909, 0.5895875668525696, 0.5570150279998779, 0.5601420056819916, 0.6046782457828521, 0.5889126813411713, 0.5426441097259521, 0.537755161523819, 0.5122090470790863, 0.545990287065506, 0.5906637609004974, 0.9679037702083587, 0.750423356294632, 0.7195726978778839, 0.7518224191665649, 0.7753470480442047, 1.3615171879529953, 1.048239158987999, 0.813593635559082, 0.9710576075315476, 1.2142831686139106, 1.50721816085279, 1.5620137982070446, 1.139270928055048, 1.080287207365036, 1.0599921903014182, 1.3729755637049674, 1.9841207993030547, 1.7473688700795174, 1.1381348550319672, 1.959673697948456, 1.8323189944028855, 1.799600393176079, 1.9490280367992818, 1.896102104485035, 1.948164557404816, 1.9736762986704708, 1.9914162287861108, 2.0053749603033064, 2.01818180764094]
Figure names: 
C:\Users\Floris\Documents\GitHub\F_2018_12_5_RUNEXPERIMENT_FigureACC0228.png 
C:\Users\Floris\Documents\GitHub\F_2018_12_5_RUNEXPERIMENT_FigureLOSS0228.png