Floris Fok 
2018/12/13      At: 16:37:7
 
 
 The params where: 
1.Data = ISIC
2.RandomSeed = 2
3.img_size_x = 224
4.img_size_y = 224
5.norm = False
6.color = True
7.pretrain = None
8.equal_data = False
9.shuffle = True
10.epochs = 50
11.val_size = 300
12.test_size = 400
13.Batch_size = 16 
 
 
 The results where: 
1.score = 0.8360440921701916
2.acc_epoch = [0.5709393345213216, 0.6335616437772948, 0.6731898239913985, 0.6908023482199518, 0.7079256361244709, 0.720156555656351, 0.7245596867718108, 0.7294520549111637, 0.7548923680227096, 0.7671232875545897, 0.7661448142066627, 0.7720156555772995, 0.7847358120164293, 0.7906066536203522, 0.8096868884540117, 0.806751467827015, 0.8224070451264279, 0.8184931508015747, 0.8268101762418878, 0.8302348337761344, 0.8351272016822009, 0.8385518589831612, 0.8370841488446275, 0.8483365950285805, 0.8493150683765075, 0.8610567513510672, 0.855675146654394, 0.8527397260273972, 0.8737769081401265, 0.8688845401174168, 0.8747553814880535, 0.8752446185119465, 0.8835616437189733, 0.8688845402340599, 0.8884540116250398, 0.8982387474371729, 0.9143835616438356, 0.9036203521338461, 0.9094911938544122, 0.9070450097847358, 0.9080234833659491, 0.9075342465753424, 0.9261252447350384, 0.9197651663405088, 0.9090019569471625, 0.9461839531499112, 0.9315068493150684, 0.9339530332681018, 0.9324853228962818, 0.9373776909189915]
3.val_acc_epoch = [0.5700000007947286, 0.6533333329359691, 0.6633333333333333, 0.676666667064031, 0.6533333333333333, 0.67, 0.69, 0.6999999996026357, 0.7033333333333334, 0.7066666662693024, 0.7199999992052714, 0.713333332935969, 0.6300000007947286, 0.73, 0.7133333333333334, 0.6433333325386047, 0.7166666658719381, 0.72, 0.72, 0.73, 0.7299999992052714, 0.7033333333333334, 0.69, 0.6233333325386048, 0.7366666666666667, 0.6799999996026357, 0.73, 0.7366666666666667, 0.7466666658719381, 0.75, 0.6399999992052714, 0.7299999996026357, 0.7166666666666667, 0.7199999992052714, 0.6166666674613953, 0.7533333325386047, 0.7266666658719381, 0.7466666662693023, 0.7733333341280619, 0.7766666658719381, 0.7433333325386048, 0.7566666674613952, 0.7433333341280619, 0.7333333325386048, 0.7333333333333333, 0.7333333333333333, 0.7533333333333333, 0.7566666674613952, 0.7533333325386047, 0.6999999992052715]
4.loss_epoch = [0.6826689298138926, 0.6649613733860844, 0.652752649294187, 0.6465855000536969, 0.6394708651152609, 0.6341103442494417, 0.6320128292720145, 0.6246828322541224, 0.619515326275051, 0.6124545865329512, 0.6106422811804919, 0.6063542818603217, 0.6002678571381914, 0.5979340807799024, 0.5873091327000971, 0.586703302808937, 0.5806106402449411, 0.5775835178136359, 0.5721572918667952, 0.5700007514944282, 0.5635582952816659, 0.5593391073659908, 0.557149993463505, 0.5531912871186281, 0.5460051812537728, 0.5413879406895423, 0.5393700389712758, 0.5396694340351277, 0.5283123140465723, 0.5257183289457907, 0.5210511258670262, 0.5161998586878618, 0.509237036196453, 0.5159447429931328, 0.5004392808664102, 0.49361065957410927, 0.48034298064190817, 0.48272388170376684, 0.4763741992457739, 0.4749368243138151, 0.4724445804924414, 0.47111297207802477, 0.4540636172616552, 0.45559625470474974, 0.4571784557428379, 0.43028536304802345, 0.4364822892993397, 0.43158864502570865, 0.431434656484253, 0.42023783939691906]
5.vall_loss_epoch = [0.67841632604599, 0.6609838779767354, 0.6568773810068766, 0.6483186880747477, 0.649799706141154, 0.6440376472473145, 0.6384144727389017, 0.6339858428637186, 0.6312116503715515, 0.6269067192077636, 0.6251160971323649, 0.627009805838267, 0.6497682619094849, 0.6221037157376608, 0.6197129225730896, 0.6429424873987833, 0.6216915408770244, 0.6190375955899556, 0.6123694094022115, 0.6115718817710877, 0.6053303082784017, 0.6253764692942302, 0.6256354101498922, 0.6467645223935445, 0.6050377440452576, 0.6266608103116353, 0.5993591213226318, 0.6003758438428243, 0.5936387920379639, 0.5862632171312968, 0.6445165737469991, 0.5938077131907146, 0.596492551167806, 0.5919932969411215, 0.6595000918706259, 0.5825284051895142, 0.5915710632006327, 0.5774535250663757, 0.5693458914756775, 0.562909410794576, 0.5774972025553385, 0.5685014208157857, 0.5820019602775574, 0.5832177535692851, 0.5764843503634135, 0.5773966304461161, 0.5684386809666951, 0.5610441438357036, 0.5691735561688741, 0.6072046820322673]
6.data_name = two
7.method = kaggleDR
8.style = FT
Figure name: 
C:\Users\Flori\Documents\GitHub\t2018_12_13_RUNEXPERIMENT_FigureACC01637.png
C:\Users\Flori\Documents\GitHub\t2018_12_13_RUNEXPERIMENT_FigureLOSS&ACC01637.png