Floris Fok 
2018/12/17      At: 23:29:17
 
 
 The params where: 
1.Data = ISIC
2.data_name = two
3.style = FT
4.model = kaggleDR
5.file_path = C:\ISIC
6.pickle_path = C:\pickles\melanoom_color_NotEqual_
7.model_path = C:\models\Epochs_5_kaggleDR.json
8.RandomSeed = 2
9.doc_path = C:\Users\Flori\Documents\GitHub\t
10.img_size_x = 224
11.img_size_y = 224
12.norm = False
13.color = True
14.pretrain = None
15.equal_data = False
16.shuffle = True
17.epochs = 50
18.val_size = 100
19.test_size = 200
20.Batch_size = 16 
 
 
 The results where: 
1.score = 0.6499972322743302
2.acc_epoch = [0.21230982019363762, 0.2123098202142478, 0.2123098202142478, 0.2123098202142478, 0.2123098202142478, 0.21300138312586445, 0.23443983404550645, 0.4100968188517321, 0.42047026279391425, 0.4958506224478594, 0.4937759336511789, 0.46887966813223325, 0.5138312586445366, 0.5242047025454984, 0.5062240664724822, 0.5082987552279423, 0.4896265560990382, 0.5553250344957059, 0.544260027744958, 0.5663900414937759, 0.5048409404431471, 0.5062240664312618, 0.540110650151597, 0.5304287690179806, 0.5117565698478561, 0.5297372061269742, 0.5491009681056644, 0.5442600276625172, 0.508298755186722, 0.55255878293168, 0.5089903180365081, 0.5491009682293255, 0.5373443983402489, 0.5082987552691627, 0.547026279432645, 0.5435684646478497, 0.5705394191283573, 0.5733056707336035, 0.5843706778141143, 0.5497925312027727, 0.5705394190046962, 0.5643153527383158, 0.5394190872193702, 0.604426002807472, 0.5933609959330631, 0.5733056708160442, 0.5975103733615427, 0.5809128630705395, 0.5760719226273923, 0.5988934992259963]
3.val_acc_epoch = [0.23, 0.23, 0.23, 0.23, 0.23, 0.23, 0.49, 0.35, 0.39, 0.44, 0.42, 0.62, 0.64, 0.75, 0.53, 0.34, 0.71, 0.45, 0.35, 0.38, 0.27, 0.61, 0.69, 0.4, 0.24, 0.41, 0.54, 0.54, 0.58, 0.51, 0.5, 0.25, 0.51, 0.46, 0.52, 0.54, 0.42, 0.72, 0.47, 0.51, 0.28, 0.5, 0.64, 0.47, 0.53, 0.63, 0.67, 0.54, 0.53, 0.67]
4.loss_epoch = [1.1333644465127262, 1.132599628977426, 1.1318587577524357, 1.1311541175776332, 1.1302820231409982, 1.129233062102422, 1.1276132744707343, 1.126303916815076, 1.1245677514030066, 1.1221780283982, 1.1211153778297773, 1.1213478903552803, 1.1173765121818744, 1.1156604510125283, 1.1230754301590873, 1.1099202463076157, 1.1126348317741193, 1.1122468191393513, 1.1053616355893359, 1.104011345701099, 1.1041390405321188, 1.1017576296959346, 1.1003158911135187, 1.1021151272257994, 1.0920479076696794, 1.0951987432411268, 1.0819025419724597, 1.088523000767287, 1.0871354269783526, 1.0808016187917147, 1.0866051827393792, 1.0789600914114903, 1.0706780914778862, 1.0805112492823832, 1.0709898884035904, 1.0632838347970532, 1.061413903948677, 1.0611788849777866, 1.0702733121307395, 1.063935279351547, 1.0590235634628338, 1.0588729215031014, 1.0713644699601876, 1.0534257084996868, 1.0483657663293895, 1.0542168036865824, 1.0475804610371096, 1.045551337971562, 1.0486759635752496, 1.039256335623861]
5.vall_loss_epoch = [0.7266889071464538, 0.7235627555847168, 0.720526602268219, 0.7228623294830322, 0.7208275008201599, 0.7112034487724305, 0.6965291237831116, 0.7081660008430481, 0.708906946182251, 0.6978994417190552, 0.7021576452255249, 0.6774422740936279, 0.6690406417846679, 0.6229036998748779, 0.6880052661895752, 0.7552917242050171, 0.6348144030570984, 0.7027747893333435, 0.7732792830467224, 0.7572727584838868, 0.7886291217803955, 0.6518810153007507, 0.6309783697128296, 0.7548104739189148, 0.8105931639671325, 0.7330569696426391, 0.6827711534500122, 0.6725048160552979, 0.6645521545410156, 0.6966614484786987, 0.7045497274398804, 0.8247887682914734, 0.6919005632400512, 0.7263020825386047, 0.6856545615196228, 0.6696818494796752, 0.7113541030883789, 0.6162366461753845, 0.7450681614875794, 0.7114239311218262, 0.8277555537223816, 0.7161998867988586, 0.6315133690834045, 0.7221410036087036, 0.6881224679946899, 0.6532254385948181, 0.6312651085853577, 0.6792269492149353, 0.6854188799858093, 0.6259173703193665]
6.data_name = two
7.method = kaggleDR
8.style = FT
Figure name: 
C:\Users\Flori\Documents\GitHub\figs\2018_12_17_RUNEXPERIMENT_FigureLOSS&ACC02329.png
 NONE 