Floris Fok 
2018/12/27      At: 22:20:12
 
 
 The params where: 
1.Data = Blood
2.data_name = None
3.style = FT
4.model = Chest
5.file_path = C:\blood-cells
6.pickle_path = C:\pickles\Blood
7.model_path = {'KaggleDR': 'C:\\models\\Epochs_50_kaggleDR.json', 'Chest': 'C:\\models\\Epochs_50_Chest.json', 'CatDog': 'C:\\models\\Epochs_40_CatDog.json'}
8.RandomSeed = 5
9.doc_path = C:\Users\Flori\Documents\GitHub\t
10.img_size_x = 224
11.img_size_y = 224
12.norm = False
13.color = True
14.pretrain = None
15.equal_data = False
16.shuffle = True
17.epochs = 50
18.val_size = 1500
19.test_size = 2000
20.Batch_size = 32 
 
 
 The results where: 
1.score = 0.8943292766104484
2.acc_epoch = [0.24669994451870075, 0.24669994451870075, 0.29018302830271897, 0.3818080976283094, 0.4123128119436688, 0.4310593454988546, 0.44004437051015105, 0.44581253467767157, 0.44725457569723714, 0.45013865772645073, 0.45280088742640173, 0.4537992235758671, 0.47820299499509605, 0.4836383804373125, 0.4882972822973481, 0.4910704381222601, 0.49417637270222886, 0.49273433168596914, 0.49683860234267435, 0.4956184137151827, 0.49938990570278347, 0.498613422087544, 0.496062118677847, 0.5008319467686311, 0.49805879089413124, 0.5009428729762385, 0.49961175811469255, 0.499168053204922, 0.5004991680168801, 0.49683860234267435, 0.49972268437849965, 0.4973932334864992, 0.4985024958270428, 0.4980587908908254, 0.49783693839957566, 0.49828064336223993, 0.4995008319070851, 0.4992789794918701, 0.4986134220379561, 0.5006100942211817, 0.49772601216221546, 0.49717138104483743, 0.5000554631038038, 0.5003882418092727, 0.500499168066468, 0.49927897943897637, 0.4983915696194353, 0.5004991680400211, 0.5002773155454656, 0.5001663893378581]
3.val_acc_epoch = [0.24800000015894572, 0.24800000015894572, 0.34266666682561236, 0.4293333331743876, 0.45466666674613954, 0.43199999976158143, 0.4533333331743876, 0.45533333309491475, 0.46800000007947284, 0.4666666664282481, 0.46333333317438763, 0.46266666690508523, 0.48466666690508525, 0.47733333333333333, 0.49733333333333335, 0.4866666666666667, 0.48333333333333334, 0.4593333333333333, 0.4740000002384186, 0.4913333333730698, 0.49800000023841856, 0.5006666665871938, 0.4800000002384186, 0.49800000023841856, 0.49066666690508526, 0.49466666690508526, 0.5006666669050852, 0.49200000023841856, 0.46733333325386045, 0.49533333333333335, 0.5053333335717519, 0.5, 0.5040000002384186, 0.492, 0.48733333333333334, 0.5026666667064031, 0.49933333333333335, 0.5033333335717519, 0.5006666669050852, 0.494, 0.49933333333333335, 0.5013333333730697, 0.5020000002384186, 0.48733333333333334, 0.5013333333333333, 0.49933333333333335, 0.4946666667064031, 0.5046666666666667, 0.49866666666666665, 0.498]
4.loss_epoch = [5.577925826309128, 5.459442262549038, 5.365863144695263, 5.281400486897972, 5.186007680062512, 5.122677839007301, 5.074960241354774, 5.022449462835615, 4.985317973593375, 4.942367714031894, 4.902799607222436, 4.868757434481061, 4.816796004686234, 4.7780851742855, 4.735505708376038, 4.701415561637942, 4.656091082208499, 4.623274008909068, 4.581587158939406, 4.549683791375861, 4.50602472710464, 4.474331911894195, 4.437079223711096, 4.405968285876384, 4.379401474506803, 4.330823891280561, 4.305322533637632, 4.282258310915693, 4.259685666945929, 4.250643894187093, 4.198621714809374, 4.180584269633111, 4.140414272727268, 4.127693172514075, 4.097767748597326, 4.076179636047075, 4.041482058354239, 3.99894584501312, 3.9885630702284796, 3.960018713475596, 3.9505104971804754, 3.969455290343189, 3.908490129133363, 3.8790628905833198, 3.852970117657831, 3.82616731370745, 3.867184054289536, 3.802435556862398, 3.787085292634208, 3.7631177598347083]
5.vall_loss_epoch = [1.3870301405588785, 1.3493419307072958, 1.329251234372457, 1.3031847407023112, 1.2904719435373941, 1.280131858507792, 1.2827415568033853, 1.253000043551127, 1.2413155829111735, 1.2320812333424886, 1.2388964045842488, 1.2278385155995686, 1.2035338408152263, 1.2001121657689413, 1.1863976945877075, 1.1834486176172891, 1.1762652502059936, 1.2015105050404866, 1.1668537120819091, 1.1429460655848185, 1.1353500487009685, 1.1268910522460938, 1.1441930027008056, 1.1126451609929402, 1.110468581835429, 1.1046886641184488, 1.0945392796198528, 1.0983122860590617, 1.155905632019043, 1.0752895161310831, 1.0655305903752645, 1.0669468285242716, 1.0485964148839315, 1.0575767221450805, 1.1084864212671917, 1.0329839992523193, 1.027835664431254, 1.0222567694981892, 1.0192066033681233, 1.018070169130961, 1.006812355041504, 1.003598406791687, 0.9953047211964925, 1.0184082663853964, 0.9870794591903687, 0.9893036953608195, 0.9936455119450887, 0.9768404808044434, 0.975797054608663, 0.9722597109476725]
Figure name: 
C:\Users\Flori\Documents\GitHub\figs\2018_12_27_RUNEXPERIMENT_FigureLOSS&ACC02220.png
 NONE 