Floris Fok 
2018/12/15      At: 2:55:23
 
 
 The params where: 
1.Data = ISIC
2.RandomSeed = 7
3.img_size_x = 224
4.img_size_y = 224
5.norm = False
6.color = True
7.pretrain = None
8.equal_data = False
9.shuffle = True
10.epochs = 50
11.val_size = 300
12.test_size = 400
13.Batch_size = 16 
 
 
 The results where: 
1.score = 0.7976349220570683
2.acc_epoch = [0.35743559718969553, 0.367096018735363, 0.37236533957845436, 0.38144028103044497, 0.38114754098360654, 0.38466042154566743, 0.38495316159250587, 0.3943208430913349, 0.39256440281030447, 0.4025175644028103, 0.39988290398126464, 0.40485948477751754, 0.4104215456674473, 0.4174473067915691, 0.41978922716627637, 0.42066744730679156, 0.41949648711943793, 0.4218384074941452, 0.5163934426229508, 0.5837236533957846, 0.5986533957845434, 0.6118266978922716, 0.6094847775175644, 0.6179742388758782, 0.6165105386416861, 0.6223653395784543, 0.6302693208430913, 0.6290983606557377, 0.640807962529274, 0.6346604215456675, 0.6302693208430913, 0.6323185011709602, 0.6349531615925058, 0.6446135831381733, 0.6437353629976581, 0.6194379391100703, 0.6434426229508197, 0.6425644028103045, 0.6478337236533958, 0.6533957845433255, 0.6431498829039812, 0.6519320843091335, 0.6539812646370023, 0.6498829039812647, 0.6326112412177985, 0.6387587822014051, 0.6469555035128806, 0.6528103044496487, 0.6545667447306791, 0.6531030444964872]
3.val_acc_epoch = [0.3566666666666667, 0.34333333373069763, 0.36333333333333334, 0.35333333373069764, 0.37666666666666665, 0.39666666666666667, 0.35666666706403094, 0.35333333333333333, 0.37333333333333335, 0.38666666666666666, 0.38666666666666666, 0.37333333333333335, 0.37333333333333335, 0.36333333353201547, 0.38333333333333336, 0.38333333333333336, 0.37666666666666665, 0.38666666666666666, 0.5333333333333333, 0.4866666668653488, 0.5133333337306977, 0.526666667064031, 0.44666666676600775, 0.5366666666666666, 0.5166666666666667, 0.5100000003973643, 0.5233333329359691, 0.5266666658719381, 0.5333333329359691, 0.5266666662693024, 0.42000000019868217, 0.5199999996026357, 0.5500000007947285, 0.5533333333333333, 0.52, 0.5233333333333333, 0.5299999996026357, 0.5366666666666666, 0.5366666666666666, 0.4633333333333333, 0.5399999996026357, 0.5566666662693024, 0.5433333333333333, 0.4, 0.5433333329359691, 0.5399999996026357, 0.53, 0.5333333333333333, 0.5599999996026357, 0.55]
4.loss_epoch = [1.0880375391426353, 1.0787304731945244, 1.0763800571338913, 1.0726555538400833, 1.070991270436057, 1.0687843628175364, 1.0664237631567748, 1.06332143659614, 1.061340397638236, 1.0582320558941056, 1.0559620678564425, 1.0534725102663598, 1.0507545083133063, 1.0485265467150149, 1.0456440998742955, 1.0431984498294231, 1.0405309557635556, 1.0378073331064586, 1.0355464100000171, 1.032818544385584, 1.0308582802287867, 1.0271319371475827, 1.0249283059698637, 1.0218088145278377, 1.0190044574491872, 1.0161807615248883, 1.0129316172778466, 1.00998869266108, 1.006384037417606, 1.0041923411277753, 1.0031398973085284, 1.001623055136455, 0.9964885389218565, 0.9930563356893124, 0.9903506973029859, 0.9920267134695477, 0.985668664654189, 0.983852998434241, 0.9792286579167815, 0.9741880304640295, 0.9738343094216019, 0.9681197336462678, 0.962374069930798, 0.9612105922899983, 0.9672755107667463, 0.9610062727325136, 0.955046969219449, 0.9490890770941205, 0.9450838669122522, 0.9426978999613599]
5.vall_loss_epoch = [1.0844106149673463, 1.0870378700892132, 1.078908421198527, 1.0827488454182943, 1.0766951004664103, 1.074663332303365, 1.072463412284851, 1.0763925043741862, 1.0691839869817097, 1.0671803871790568, 1.0658146731058757, 1.0677108939488729, 1.0665893713633219, 1.065306921005249, 1.0616093540191651, 1.0592884381612142, 1.0593221139907838, 1.0555298439661662, 1.0576468849182128, 1.0528940057754517, 1.055385429064433, 1.04980571269989, 1.0538868633906047, 1.0487204106648762, 1.045621681213379, 1.047821995417277, 1.0413229608535766, 1.0421204487482707, 1.0391967153549195, 1.0362803411483765, 1.0613014268875123, 1.035563604036967, 1.0326444896062215, 1.0250643110275268, 1.0253237422307333, 1.0317968130111694, 1.0212242889404297, 1.0239123503367107, 1.019193221728007, 1.0604293823242188, 1.0107158025105794, 1.008039197921753, 1.0055251773198446, 1.0680628172556559, 1.0047374963760376, 1.0005518452326456, 1.0030884472529094, 0.9940212591489156, 0.9929309256871541, 0.9905115667978922]
6.data_name = three
7.method = kaggleDR
8.style = FT
Figure name: 
C:\Users\Flori\Documents\GitHub\t2018_12_15_RUNEXPERIMENT_FigureACC0255.png
C:\Users\Flori\Documents\GitHub\t2018_12_15_RUNEXPERIMENT_FigureLOSS&ACC0255.png