Floris Fok 
2018/12/15      At: 0:1:36
 
 
 The params where: 
1.Data = ISIC
2.RandomSeed = 5
3.img_size_x = 224
4.img_size_y = 224
5.norm = False
6.color = True
7.pretrain = None
8.equal_data = False
9.shuffle = True
10.epochs = 50
11.val_size = 300
12.test_size = 400
13.Batch_size = 16 
 
 
 The results where: 
1.score = 0.8443508994281234
2.acc_epoch = [0.3820257611241218, 0.446135831381733, 0.4519906323185012, 0.48653395784543324, 0.5166861826697893, 0.5324941451990632, 0.5427400468384075, 0.555327868852459, 0.5743559718969555, 0.5796252927400468, 0.5971896955503513, 0.5904566744730679, 0.6065573770491803, 0.625, 0.6302693208430913, 0.6334894613583139, 0.6326112412177985, 0.6492974238875878, 0.6539812646370023, 0.6519320843091335, 0.6686182669789227, 0.6703747072599532, 0.6733021077283372, 0.6776932084309133, 0.6800351288056206, 0.6791569086651054, 0.6709601873536299, 0.6733021077283372, 0.672423887587822, 0.6782786885245902, 0.6829625292740047, 0.680327868852459, 0.6771077283372365, 0.6888173302107728, 0.6987704918032787, 0.6937939110070258, 0.6937939110070258, 0.6911592505854801, 0.6905737704918032, 0.6812060889929742, 0.6592505854800936, 0.6835480093676815, 0.6973067915690867, 0.6665690866510539, 0.6908665105386417, 0.6952576112412178, 0.6958430913348946, 0.6958430913348946, 0.6873536299765808, 0.6844262295081968]
3.val_acc_epoch = [0.37333333293596904, 0.46333333412806194, 0.4566666674613953, 0.4933333341280619, 0.4799999992052714, 0.4833333325386047, 0.4866666658719381, 0.4866666666666667, 0.5033333341280619, 0.52, 0.38333333293596905, 0.52, 0.5366666658719381, 0.5666666666666667, 0.5499999992052714, 0.5233333325386047, 0.45333333293596906, 0.5499999992052714, 0.543333334128062, 0.5333333325386047, 0.38333333293596905, 0.5666666674613953, 0.5566666666666666, 0.51, 0.5633333325386047, 0.5299999992052714, 0.5199999996026357, 0.5099999992052714, 0.5533333325386047, 0.5266666666666666, 0.5533333325386047, 0.5666666662693024, 0.4866666662693024, 0.5833333325386048, 0.56, 0.5733333325386047, 0.5533333333333333, 0.5799999992052715, 0.556666665871938, 0.5366666662693024, 0.5833333325386048, 0.5166666662693024, 0.546666665871938, 0.40666666626930237, 0.5733333325386047, 0.573333332935969, 0.5733333333333334, 0.5566666666666666, 0.55, 0.5666666666666667]
4.loss_epoch = [1.104043249224053, 1.0574761608166214, 1.0433674782723956, 1.029468736827234, 1.0191813922319255, 1.0116369556766482, 1.0021728704349777, 0.9951368056639017, 0.9891537207351077, 0.9844440182701486, 0.9760632040349885, 0.9714092441967556, 0.9646453493093718, 0.9573704707817953, 0.9490646724120236, 0.9456477932963494, 0.9476204531254199, 0.9377141259872382, 0.9315521985083051, 0.9301361001905848, 0.9227692916186688, 0.9242739475024668, 0.9172281943942121, 0.9151063021228799, 0.9090234069131856, 0.9074166524605672, 0.9088934837236338, 0.9035107244931563, 0.9010603693106694, 0.8964251846563621, 0.8936171660099431, 0.8900550494986899, 0.8868340678181525, 0.8850875436840906, 0.8762031776843641, 0.8733472095440367, 0.8705399337920428, 0.8683567771587773, 0.8659447626989396, 0.8723168674620867, 0.8889848020372682, 0.8703795442536508, 0.8624430375579369, 0.8733305015385291, 0.8618832331072251, 0.8526495147923954, 0.8500051570999538, 0.8457159398590374, 0.8430673366966516, 0.8404207825660706]
5.vall_loss_epoch = [1.0675171581904093, 1.0661391488711038, 1.042828865845998, 1.0395522809028626, 1.0333785692850748, 1.0420178087552388, 1.027849584420522, 1.06838480869929, 1.052809325059255, 1.0173867185910543, 1.0805721219380697, 1.0255475926399231, 1.0109496728579204, 1.0154870518048604, 1.015429281393687, 1.013297091325124, 1.041931320031484, 1.0008363501230875, 0.9993204712867737, 1.0000103497505188, 1.10116899172465, 0.9972742557525635, 0.9962510863939921, 1.0092973510424297, 0.9853029259045919, 0.994786434173584, 1.027880175113678, 0.9947874029477437, 0.9893627858161926, 0.9986669357617696, 0.991147543589274, 0.9841241161028544, 1.0275499415397644, 0.9793003503481547, 0.9780859033266703, 0.9752616723378499, 0.9764362009366353, 0.9744306206703186, 0.9781094177563985, 0.9959520920117696, 0.9815436418851217, 0.9955243301391602, 0.9802754902839661, 1.0802700066566466, 0.9766453274091085, 0.9718369046847025, 0.9769848640759786, 0.9765808963775635, 0.972680102189382, 0.9678581078847249]
6.data_name = three
7.method = kaggleDR
8.style = FT
Figure name: 
C:\Users\Flori\Documents\GitHub\t2018_12_15_RUNEXPERIMENT_FigureACC001.png
C:\Users\Flori\Documents\GitHub\t2018_12_15_RUNEXPERIMENT_FigureLOSS&ACC001.png