Floris Fok 
2018/12/17      At: 23:58:42
 
 
 The params where: 
1.Data = ISIC
2.data_name = two
3.style = FT
4.model = imagenet
5.file_path = C:\ISIC
6.pickle_path = C:\pickles\melanoom_color_NotEqual_
7.model_path = C:\models\Epochs_5_kaggleDR.json
8.RandomSeed = 2
9.doc_path = C:\Users\Flori\Documents\GitHub\t
10.img_size_x = 224
11.img_size_y = 224
12.norm = False
13.color = True
14.pretrain = None
15.equal_data = False
16.shuffle = True
17.epochs = 50
18.val_size = 100
19.test_size = 200
20.Batch_size = 16 
 
 
 The results where: 
1.score = 0.7461323156253227
2.acc_epoch = [0.2655601659957139, 0.24896265560165975, 0.23443983404550645, 0.2206085754009698, 0.21922544951590595, 0.21507607194315514, 0.21576763489599216, 0.21507607194315514, 0.21369294605809128, 0.21369294605809128, 0.21369294607870146, 0.21369294609931164, 0.21369294607870146, 0.21369294605809128, 0.21369294605809128, 0.21369294605809128, 0.21369294607870146, 0.21300138314647463, 0.21300138312586445, 0.21300138314647463, 0.2130013831670848, 0.21300138314647463, 0.21230982019363762, 0.21369294607870146, 0.2226832641976503, 0.25656984787676507, 0.3077455048821609, 0.374827109349384, 0.4508990318118949, 0.5269709544392872, 0.587828492310367, 0.6424619640799479, 0.6818810511962672, 0.6154910096818811, 0.5961272476619704, 0.6424619641211683, 0.6445366528354081, 0.7047026278567018, 0.6867219916188041, 0.6687413553809064, 0.6770401107325099, 0.6715076071098137, 0.639004149460034, 0.6694329183131332, 0.7475795296547654, 0.7233748271917076, 0.7206085753803596, 0.7607192253670751, 0.7710926695153592, 0.7710926694329184]
3.val_acc_epoch = [0.23, 0.23, 0.23, 0.23, 0.23, 0.23, 0.23, 0.23, 0.23, 0.23, 0.23, 0.23, 0.23, 0.23, 0.23, 0.23, 0.23, 0.23, 0.23, 0.23, 0.23, 0.23, 0.23, 0.23, 0.24, 0.28, 0.39, 0.42, 0.33, 0.48, 0.64, 0.75, 0.71, 0.72, 0.72, 0.61, 0.8, 0.81, 0.8, 0.6, 0.68, 0.74, 0.65, 0.79, 0.71, 0.53, 0.77, 0.76, 0.76, 0.81]
4.loss_epoch = [1.1347505144393626, 1.13449212360514, 1.1342787755805261, 1.1340985131626473, 1.1339142734743912, 1.1337523801692788, 1.1335871097622736, 1.1334129065728615, 1.1332404132865441, 1.1330649675505124, 1.1328678540009516, 1.132647433386469, 1.1324074225471887, 1.1321123963734585, 1.1317879414987102, 1.1314301001910188, 1.131020898311135, 1.1305179734447686, 1.1298584885287253, 1.1292500423362806, 1.1285274732821875, 1.1277777789209558, 1.1267331969688543, 1.1259475936533505, 1.1239228462117672, 1.121859358718946, 1.1200964000709819, 1.1178335325681652, 1.1161129240508232, 1.1152810700866362, 1.1124537616020087, 1.1085614609850227, 1.10666031840761, 1.103594061250014, 1.1038475283943272, 1.0988201352240798, 1.0960567568842305, 1.0935783628606204, 1.0905417032426488, 1.0892479541720526, 1.0867806207259825, 1.0803188698090622, 1.083452182439353, 1.0796633022289883, 1.06648564783864, 1.0592102760431017, 1.0554325488263312, 1.0430125598261135, 1.0348839418522056, 1.0293260360159815]
5.vall_loss_epoch = [0.6941843461990357, 0.694747018814087, 0.6953983974456787, 0.6960084986686706, 0.696536705493927, 0.697074089050293, 0.6977047824859619, 0.6981805562973022, 0.6985865879058838, 0.6989720869064331, 0.6994731736183166, 0.7000505113601685, 0.7003642344474792, 0.700900273323059, 0.7012128591537475, 0.7013069272041321, 0.7016711807250977, 0.7021461153030395, 0.7017542958259583, 0.7021692180633545, 0.7022515678405762, 0.7022771596908569, 0.7032330179214478, 0.7019036531448364, 0.7008237266540527, 0.699732084274292, 0.697749490737915, 0.698244218826294, 0.7069938015937806, 0.7043087005615234, 0.691116967201233, 0.6806599617004394, 0.6827131223678589, 0.6810325050354004, 0.6788341140747071, 0.6901454019546509, 0.6657143568992615, 0.6632973885536194, 0.6602213096618652, 0.6831013822555542, 0.6763372588157653, 0.6619460725784302, 0.6799311542510986, 0.6508394956588746, 0.6628496313095092, 0.7007353830337525, 0.650149986743927, 0.6466863536834717, 0.6425029516220093, 0.6250882148742676]
6.data_name = two
7.method = imagenet
8.style = FT
Figure name: 
C:\Users\Flori\Documents\GitHub\figs\2018_12_17_RUNEXPERIMENT_FigureLOSS&ACC02358.png
 NONE 