Floris Fok 
2018/12/13      At: 22:14:35
 
 
 The params where: 
1.Data = ISIC
2.RandomSeed = 5
3.img_size_x = 224
4.img_size_y = 224
5.norm = False
6.color = True
7.pretrain = None
8.equal_data = False
9.shuffle = True
10.epochs = 50
11.val_size = 300
12.test_size = 400
13.Batch_size = 16 
 
 
 The results where: 
1.score = 0.8254609731577446
2.acc_epoch = [0.504403131232103, 0.5044031311737814, 0.504403131232103, 0.5044031310571383, 0.5044031310571383, 0.5044031311154599, 0.5048923679060665, 0.6262230919765166, 0.6746575343632185, 0.6966731898238747, 0.7093933462630047, 0.7186888455178173, 0.7426614481409002, 0.7411937377690803, 0.757338551975743, 0.7729941291585127, 0.7891389432485323, 0.7764187868094025, 0.7881604697839621, 0.7974559688054885, 0.7935420744806353, 0.8087084149894416, 0.8189823874755382, 0.8258317026606744, 0.8331702542864879, 0.8341487278677013, 0.8370841488446275, 0.8238747554982478, 0.8458904109589042, 0.8522504891201474, 0.8493150683765075, 0.8586105676313203, 0.8502935419577209, 0.8762230920931597, 0.869863013581987, 0.8595890412125335, 0.8811154598825832, 0.8615459882583171, 0.8879647750677194, 0.88258317013776, 0.8894324854395395, 0.8933463796477495, 0.8913894323686797, 0.8747553816046967, 0.899706457925636, 0.910958904109589, 0.8923679061831793, 0.9075342464586993, 0.9104696673189824, 0.9114481410168388]
3.val_acc_epoch = [0.4666666666666667, 0.4666666666666667, 0.4666666666666667, 0.4666666666666667, 0.4666666666666667, 0.4666666666666667, 0.4666666666666667, 0.6599999992052714, 0.6499999996026357, 0.5766666662693024, 0.6766666666666666, 0.5733333333333334, 0.696666665871938, 0.67, 0.6866666662693024, 0.7166666658719381, 0.7, 0.7166666658719381, 0.7000000007947286, 0.7333333325386048, 0.7366666658719381, 0.7266666658719381, 0.7299999992052714, 0.6433333333333333, 0.6966666674613953, 0.6233333325386048, 0.7266666674613953, 0.7366666658719381, 0.7400000007947286, 0.683333334128062, 0.7066666666666667, 0.6900000007947286, 0.7233333325386048, 0.75, 0.7299999992052714, 0.7499999992052714, 0.76, 0.7566666658719381, 0.7566666662693023, 0.7266666666666667, 0.7500000007947286, 0.7600000007947286, 0.7499999992052714, 0.7433333341280619, 0.7666666658719381, 0.7433333325386048, 0.7166666666666667, 0.6733333325386047, 0.7333333325386048, 0.7366666666666667]
4.loss_epoch = [0.6952521624863731, 0.6937506216379528, 0.6899974051053743, 0.6861072168658158, 0.6827118200798558, 0.6795391327247694, 0.6765997907886766, 0.6628948087328335, 0.65137084636203, 0.6455393027652733, 0.6411139959225216, 0.6372967675007486, 0.6296299825442514, 0.6288317478099681, 0.6232046312315357, 0.6190309091790082, 0.6121164717786233, 0.6114357663227388, 0.6064723948209952, 0.6038864369261755, 0.6016780407461402, 0.5954907944757645, 0.5893773574185232, 0.5844987767316591, 0.5804400624827629, 0.5783596392247075, 0.5735915999589835, 0.5780605011256941, 0.5671317339410054, 0.5598159698357554, 0.5606461824036391, 0.5545934813129926, 0.555498438455354, 0.5418296652297451, 0.5413863808208249, 0.5414188812156946, 0.5309614624879132, 0.5367771792435133, 0.5224293552032889, 0.5214980103498336, 0.5141159750944014, 0.512150223007874, 0.5092774698412348, 0.5148090322423587, 0.49889101854975676, 0.49369805013130325, 0.49475271641158314, 0.488209465711784, 0.4813528621383376, 0.480025811204705]
5.vall_loss_epoch = [0.7012339011828105, 0.7005371189117432, 0.6976110370953877, 0.6953500707944235, 0.6926111189524332, 0.689529942671458, 0.68977219581604, 0.6612416323026021, 0.6563856673240661, 0.6748187724749247, 0.6508244570096334, 0.6780961124102275, 0.6439812366167704, 0.6458309213320415, 0.6415934427579244, 0.6332017040252685, 0.6370989195505778, 0.6272560365994772, 0.6302014851570129, 0.6253792039553324, 0.6218039997418722, 0.622255354722341, 0.6207941341400146, 0.6425658885637919, 0.6303619742393494, 0.6566701531410217, 0.6216766540209452, 0.608161449432373, 0.6061701472600302, 0.6341277146339417, 0.6186186051368714, 0.6300177129109701, 0.6075316945711772, 0.5973340551058451, 0.5957791574796041, 0.5950949509938558, 0.5918194301923116, 0.5888129003842671, 0.5922872265179951, 0.6003909420967102, 0.588912456035614, 0.5801262974739074, 0.5816040349006653, 0.5843987075487772, 0.5725939782460531, 0.580615139802297, 0.5903475515047709, 0.6216793084144592, 0.5829159331321716, 0.5861053586006164]
6.data_name = two
7.method = kaggleDR
8.style = FT
Figure name: 
C:\Users\Flori\Documents\GitHub\t2018_12_13_RUNEXPERIMENT_FigureACC02214.png
C:\Users\Flori\Documents\GitHub\t2018_12_13_RUNEXPERIMENT_FigureLOSS&ACC02214.png