Floris Fok 
2018/12/13      At: 21:32:55
 
 
 The params where: 
1.Data = ISIC
2.RandomSeed = 5
3.img_size_x = 224
4.img_size_y = 224
5.norm = False
6.color = True
7.pretrain = None
8.equal_data = False
9.shuffle = True
10.epochs = 50
11.val_size = 300
12.test_size = 400
13.Batch_size = 16 
 
 
 The results where: 
1.score = 0.90083125
2.acc_epoch = [0.4828767123287671, 0.4970645791980385, 0.5078277886497065, 0.5083170254986347, 0.5210371819960861, 0.5425636006661357, 0.5557729940125153, 0.5826810177291676, 0.6355185911146862, 0.6658512720156555, 0.6942270058708415, 0.702054794520548, 0.7108610566348246, 0.7226027396093843, 0.7328767123287672, 0.742661448024257, 0.7475538160469667, 0.7544031311154599, 0.75831702532367, 0.7705479452054794, 0.778375733971829, 0.7881604695506759, 0.7959882582003823, 0.795009784619169, 0.7999021527585218, 0.7969667320148819, 0.8165362035225049, 0.8228962816837483, 0.8287671234043144, 0.8356164383561644, 0.840508806378874, 0.8414872799600873, 0.8473581214473672, 0.8556751468876803, 0.860078277886497, 0.8659491192571338, 0.868395303210167, 0.8664383561643836, 0.8864970644626132, 0.8840508807428662, 0.8830724070450098, 0.8948140900195695, 0.8904109589041096, 0.9055772994129159, 0.892857142973786, 0.906555772877486, 0.9026418785526328, 0.9036203522504892, 0.9227005872007918, 0.9295499020359987]
3.val_acc_epoch = [0.4533333333333333, 0.45666666666666667, 0.4666666666666667, 0.4833333325386047, 0.48666666746139525, 0.5333333333333333, 0.5366666658719381, 0.5699999992052714, 0.6366666674613952, 0.6900000007947286, 0.683333334128062, 0.693333334128062, 0.7233333333333334, 0.73, 0.7333333333333333, 0.75, 0.7633333333333333, 0.75, 0.7733333333333333, 0.77, 0.7499999992052714, 0.7633333341280619, 0.7633333341280619, 0.7633333341280619, 0.7666666666666667, 0.7800000007947286, 0.7600000007947286, 0.7800000007947286, 0.7833333341280619, 0.7700000007947286, 0.7966666666666666, 0.796666665871938, 0.7933333325386047, 0.7600000007947286, 0.7833333325386047, 0.7333333325386048, 0.7933333325386047, 0.83, 0.7633333325386047, 0.8233333333333334, 0.806666665871938, 0.7433333341280619, 0.8166666666666667, 0.7766666674613952, 0.8033333333333333, 0.8266666666666667, 0.7999999992052714, 0.85, 0.8566666658719381, 0.8133333333333334]
4.loss_epoch = [0.6933671416835075, 0.6932161748992487, 0.6930645236530416, 0.6929008844080736, 0.6926658517460533, 0.6921229620269134, 0.6911421310878313, 0.690039203008327, 0.6888595817140404, 0.6874891344581798, 0.686067933439042, 0.6845846544739784, 0.6829941593504232, 0.681088269223439, 0.6790948418021902, 0.6770245395527894, 0.6747827755028488, 0.6725218829110178, 0.6698727832848312, 0.6672965514449924, 0.6640444162307186, 0.6610893121904123, 0.657707021077785, 0.6548753208143604, 0.6518949888457057, 0.648996655371791, 0.6435788354295108, 0.6390395072341665, 0.6339453827378334, 0.6293152305944558, 0.6238064158219414, 0.6194793215703125, 0.6131454131141334, 0.6075448393821716, 0.6018606201543267, 0.5957940325811651, 0.5896443150748012, 0.5840002658782406, 0.5734811693488269, 0.5672005328646844, 0.5617131098609148, 0.5506901454085706, 0.544523769628745, 0.532013781908207, 0.529145791805887, 0.5134017465165917, 0.5069183030707028, 0.49977111746420366, 0.4792709068892753, 0.466533319707486]
5.vall_loss_epoch = [0.6934380984306335, 0.6933464884757996, 0.693253645102183, 0.693121817111969, 0.6928800352414449, 0.6921349024772644, 0.6912029806772868, 0.690219628016154, 0.6889443373680115, 0.6874596405029297, 0.6861720244089763, 0.6848069787025451, 0.6830460079511007, 0.6810531616210938, 0.6788705531756083, 0.6768054389953613, 0.673693991502126, 0.6717699186007182, 0.6684009798367818, 0.6667265439033508, 0.6661110973358154, 0.6605542588233948, 0.659139924844106, 0.6580559062957764, 0.6549039022127787, 0.6513419318199157, 0.6497925758361817, 0.6431223201751709, 0.6406180198987325, 0.6364697035153707, 0.6330768791834513, 0.6281696645418803, 0.6272227954864502, 0.6299374079704285, 0.6202282134691874, 0.6355158114433288, 0.6089564275741577, 0.5962491758664449, 0.6104008054733276, 0.590651642481486, 0.5860631815592448, 0.6073974140485128, 0.5738577636082968, 0.5900366330146789, 0.574577865600586, 0.5520035179456075, 0.5608326284090678, 0.534333529472351, 0.5219092933336894, 0.5343933749198914]
6.data_name = two_combined
7.method = imagenet
8.style = FT
Figure name: 
C:\Users\Flori\Documents\GitHub\t2018_12_13_RUNEXPERIMENT_FigureACC02132.png
C:\Users\Flori\Documents\GitHub\t2018_12_13_RUNEXPERIMENT_FigureLOSS&ACC02132.png