Floris Fok 
2018/12/17      At: 17:43:6
 
 
 The params where: 
1.Data = ISIC
2.data_name = two_combined
3.style = FT
4.model = kaggleDR
5.file_path = C:\ISIC
6.pickle_path = C:\pickles\save_melanoom_color_
7.model_path = C:\models\Epochs_50_Chest.json
8.RandomSeed = 7
9.doc_path = C:\Users\Flori\Documents\GitHub\t
10.img_size_x = 224
11.img_size_y = 224
12.norm = False
13.color = True
14.pretrain = None
15.equal_data = False
16.shuffle = True
17.epochs = 50
18.val_size = 300
19.test_size = 400
20.Batch_size = 16 
 
 
 The results where: 
1.score = 0.7585123652896918
2.acc_epoch = [0.504403131232103, 0.5357142858309288, 0.5523483364782688, 0.578277886438743, 0.5885518590998043, 0.6032289627013607, 0.6135029353624221, 0.619373776849702, 0.6360078277886497, 0.6511741681808129, 0.6409001957530378, 0.6575342466919856, 0.665362035341692, 0.6707436400383653, 0.6751467711538252, 0.692270058825058, 0.6849315069659582, 0.6956947163593046, 0.6971624267311245, 0.7069471624266145, 0.7103718199025395, 0.7162426614481409, 0.7206457924469576, 0.7226027396093843, 0.7274951075154508, 0.7387475536994038, 0.7377690803514768, 0.7407045008618305, 0.74706457925636, 0.7519569472790698, 0.7558708413706366, 0.7548923677894234, 0.7666340509972693, 0.7666340508806262, 0.7764187868094025, 0.7793542073197561, 0.779843444343649, 0.7901174169463887, 0.7866927591788558, 0.7803326810176126, 0.791095890410959, 0.7969667318982387, 0.7984344422700587, 0.8008806261064488, 0.7989236790606654, 0.8096868884540117, 0.8087084147561553, 0.8131115459882583, 0.8136007827788649, 0.8111545988258317]
3.val_acc_epoch = [0.49333333253860473, 0.4866666658719381, 0.5233333325386047, 0.5066666658719381, 0.5800000007947286, 0.6233333325386048, 0.6099999992052714, 0.6266666658719381, 0.6433333325386047, 0.6333333333333333, 0.6599999992052714, 0.6199999992052714, 0.5966666658719381, 0.6633333325386047, 0.6566666658719381, 0.6333333333333333, 0.6466666666666666, 0.6533333333333333, 0.6633333325386047, 0.6799999992052714, 0.6199999992052714, 0.673333334128062, 0.676666665871938, 0.6833333325386047, 0.6566666666666666, 0.6599999992052714, 0.6633333333333333, 0.6899999992052714, 0.6966666666666667, 0.69, 0.66, 0.6966666666666667, 0.69, 0.6933333333333334, 0.7033333325386047, 0.67, 0.6833333333333333, 0.7, 0.69, 0.6599999992052714, 0.6633333325386047, 0.69, 0.6566666658719381, 0.7099999992052713, 0.696666665871938, 0.7133333333333334, 0.706666665871938, 0.6566666658719381, 0.6133333341280619, 0.6066666658719381]
4.loss_epoch = [0.6942238029668476, 0.6868355129562945, 0.6843163756008485, 0.6820407879562527, 0.6803437019980817, 0.6792459188142168, 0.6776703970539594, 0.6764976847661685, 0.6755415391315452, 0.6745075803913482, 0.6731470558508035, 0.6716760124012449, 0.6702242308166863, 0.6691300323098139, 0.6677799732251176, 0.6660138908664308, 0.6644588136159744, 0.6626960287588683, 0.6615598503857443, 0.6591136222249607, 0.6576184913836813, 0.6559535655723393, 0.653553581984309, 0.6520815086924633, 0.6500892609999371, 0.648480800383245, 0.6460188271481464, 0.6438910241462946, 0.6421728087498018, 0.6404183208359198, 0.6371495626910558, 0.635880580037074, 0.6324973435317933, 0.6303408782776088, 0.6277827901616255, 0.6254305040533062, 0.6234001036726099, 0.6194540105920482, 0.6184647050622392, 0.6169347045706209, 0.6130636839484048, 0.6086727206954284, 0.6070610361789771, 0.6042082464858277, 0.6020124341177148, 0.5990823006909888, 0.59571280533087, 0.5942091009854804, 0.5910343567452552, 0.5899412222571102]
5.vall_loss_epoch = [0.6926704303423563, 0.6880509972572326, 0.6860841131210327, 0.6860248351097107, 0.682855179309845, 0.682697164217631, 0.680616307258606, 0.6811908904711406, 0.6797239327430725, 0.6770659883817037, 0.6768114447593689, 0.6753481125831604, 0.676467870871226, 0.6736257044474284, 0.6738726377487183, 0.6710929799079896, 0.6694472010930379, 0.6685055017471313, 0.6673041645685832, 0.6675848952929179, 0.6731484619776408, 0.6645336826642354, 0.66280064980189, 0.6633033466339111, 0.6632631452878316, 0.6634767127037048, 0.6599149099985758, 0.6575226203600566, 0.6553474195798238, 0.6540947508811951, 0.6576865363121033, 0.6515298310915629, 0.649687401453654, 0.6505156421661377, 0.6478975955645243, 0.6507814939816793, 0.6487904461224874, 0.6463708281517029, 0.6426492396990459, 0.6518338974316915, 0.648184642791748, 0.6397557584444682, 0.6523468454678854, 0.6394946710268656, 0.6405503559112549, 0.6373518570264181, 0.6364611156781514, 0.6478314121564229, 0.6562395175298055, 0.6664370123545329]
6.data_name = two_combined
7.method = kaggleDR
8.style = FT
Figure name: 
C:\Users\Flori\Documents\GitHub\t2018_12_17_RUNEXPERIMENT_FigureLOSS&ACC01743.png
 NONE 