Floris Fok 
2018/12/14      At: 3:58:35
 
 
 The params where: 
1.Data = ISIC
2.RandomSeed = 7
3.img_size_x = 224
4.img_size_y = 224
5.norm = False
6.color = True
7.pretrain = None
8.equal_data = False
9.shuffle = True
10.epochs = 50
11.val_size = 300
12.test_size = 400
13.Batch_size = 16 
 
 
 The results where: 
1.score = 0.8236391295213563
2.acc_epoch = [0.5044031311154599, 0.5044031310571383, 0.5044031309988167, 0.5044031311154599, 0.5044031310571383, 0.5058708413706366, 0.6056751467710372, 0.6369863013115414, 0.6545988259483457, 0.6687866926426523, 0.6834637964191735, 0.7084148729150775, 0.707436399100578, 0.7167318982387475, 0.7294520547945206, 0.7407045010951168, 0.7578277886497065, 0.7490215263021436, 0.7563600782778865, 0.7783757338551859, 0.7813111545988258, 0.7866927591788558, 0.7901174168297456, 0.7886497065745688, 0.8013698630136986, 0.8057729941291585, 0.819471624382788, 0.8067514675937287, 0.818003914010968, 0.816536203639148, 0.8341487279843445, 0.8170254403131115, 0.8380626223091977, 0.8375733856352341, 0.8321917808219178, 0.8429549902152642, 0.8400195693549811, 0.8488258315859009, 0.841487279726801, 0.836105675146771, 0.8542074365158604, 0.8605675146771037, 0.8767123287671232, 0.8659491192571338, 0.8659491192571338, 0.8698630136986302, 0.8732876713495199, 0.8781800392555864, 0.8683953033268101, 0.8610567514677103]
3.val_acc_epoch = [0.48333333373069765, 0.48333333373069765, 0.48333333373069765, 0.48333333373069765, 0.48333333373069765, 0.5233333337306977, 0.593333332935969, 0.5966666658719381, 0.6033333325386048, 0.6266666658719381, 0.6333333333333333, 0.6266666658719381, 0.663333334128062, 0.6900000007947286, 0.6866666674613953, 0.6266666674613952, 0.6400000007947286, 0.6700000007947285, 0.563333334128062, 0.7066666666666667, 0.686666665871938, 0.6566666666666666, 0.6766666666666666, 0.7100000007947286, 0.7, 0.7033333333333334, 0.6966666666666667, 0.7266666658719381, 0.7333333325386048, 0.7333333325386048, 0.6600000007947286, 0.7033333333333334, 0.6499999992052714, 0.6399999992052714, 0.7166666674613953, 0.7233333341280619, 0.7, 0.7333333341280619, 0.7000000007947286, 0.7366666666666667, 0.7466666658719381, 0.7133333325386048, 0.7533333341280619, 0.55, 0.7599999992052714, 0.7466666674613953, 0.7099999992052713, 0.7133333325386048, 0.7166666658719381, 0.7666666666666667]
4.loss_epoch = [0.6932602928342652, 0.692998011284845, 0.6924161797866896, 0.6902602727865753, 0.6877539338664299, 0.6857442749689703, 0.6796403402451666, 0.6758791454384239, 0.6736158110390904, 0.6712899997742908, 0.6681937080773356, 0.6645513498853097, 0.6630502112224377, 0.6606999188953183, 0.6588165021689204, 0.655645787016053, 0.653908569635477, 0.6522880726131208, 0.6507622011720318, 0.6466180164286769, 0.6440384445125109, 0.6424667087553065, 0.6407069545202759, 0.639752979031281, 0.6361428376746504, 0.633058251700056, 0.6301294750663399, 0.6298653581371046, 0.6256171054336189, 0.6260936348872176, 0.6189574434799224, 0.621801522146699, 0.6150380385831844, 0.6131215922519886, 0.6126509109355233, 0.6095994786740283, 0.6063866812422317, 0.6048688580611914, 0.6028334352601531, 0.6031350801368982, 0.5955307014767671, 0.593056261306173, 0.58686397161969, 0.5859348177909851, 0.5837329335641954, 0.5810854564440927, 0.577522182884515, 0.5734751710919718, 0.5755989902640042, 0.5750899724297794]
5.vall_loss_epoch = [0.6935447510083517, 0.6931892172495524, 0.6922108840942383, 0.6916046555836995, 0.6896513946851095, 0.6876828598976136, 0.6827493222554525, 0.683313995997111, 0.6809983706474304, 0.6783621756235758, 0.677624257405599, 0.6752130031585694, 0.6722408612569173, 0.6697088201840719, 0.6689287503560384, 0.6741127069791158, 0.6725699496269226, 0.6647624707221985, 0.6801178733507792, 0.6602790594100952, 0.6637276434898376, 0.6645437089602152, 0.661761003335317, 0.6578050557772318, 0.6533758966128032, 0.6530481012662251, 0.6510763653119405, 0.6490296467145285, 0.6461828804016113, 0.6457204453150431, 0.6612366271018982, 0.6455479582150777, 0.6600306677818298, 0.6617510263125101, 0.6418384035428365, 0.6387173430124918, 0.6430330467224121, 0.6366458066304524, 0.6425170238812764, 0.629975118637085, 0.6312205990155538, 0.6368546716372172, 0.6249925740559896, 0.6837958312034607, 0.619782738685608, 0.6202758661905925, 0.6359453384081523, 0.6328120104471843, 0.6223925717671712, 0.6116408546765645]
6.data_name = two
7.method = kaggleDR
8.style = FT
Figure name: 
C:\Users\Flori\Documents\GitHub\t2018_12_14_RUNEXPERIMENT_FigureACC0358.png
C:\Users\Flori\Documents\GitHub\t2018_12_14_RUNEXPERIMENT_FigureLOSS&ACC0358.png