Floris Fok 
2018/12/21      At: 1:3:16
 
 
 The params where: 
1.Data = KaggleDR
2.data_name = None
3.style = FT
4.model = None
5.file_path = C:\KaggleDR
6.pickle_path = C:\pickles\KaggleDR
7.model_path = {'Chest': 'C:\\models\\Epochs_50_Chest.json', 'CatDog': 'C:\\models\\Epochs_40_CatDog.json'}
8.RandomSeed = 7
9.doc_path = C:\Users\Flori\Documents\GitHub\t
10.img_size_x = 224
11.img_size_y = 224
12.norm = False
13.color = True
14.pretrain = None
15.equal_data = False
16.shuffle = True
17.epochs = 50
18.val_size = 500
19.test_size = 500
20.Batch_size = 32 
 
 
 The results where: 
1.score = 0.5505789963553472
2.acc_epoch = [0.2673228346691357, 0.2917322835114997, 0.3059055118110236, 0.3106299213067753, 0.32007874015748033, 0.33031496065338767, 0.3543307086614173, 0.3429133857329061, 0.34330708666110604, 0.34566929129164986, 0.3669291337644021, 0.3614173227877129, 0.36850393700787404, 0.3830708661886651, 0.3700787402044131, 0.39291338577983886, 0.3889763779058231, 0.39251968503937007, 0.3948818898107123, 0.39448818898811117, 0.4035433070396814, 0.39960629916566565, 0.41023622042550817, 0.40039370078740155, 0.4165354329770006, 0.4188976378422084, 0.4125984251499176, 0.4251968502998352, 0.42401574807842884, 0.42283464566929135, 0.4377952755436184, 0.4464566929133858, 0.43700787392188245, 0.4464566929133858, 0.45551181102362204, 0.456692913338894, 0.4625984252437832, 0.46929133862961, 0.4590551181102362, 0.4645669290399927, 0.48543307081920894, 0.4830708661417323, 0.49409448828284197, 0.4925196850863029, 0.5027559054648782, 0.4948818896699139, 0.5216535433540194, 0.5188976377952756, 0.5236220472440944, 0.5354330708661418]
3.val_acc_epoch = [0.012000000029802322, 0.09200000047683715, 0.09800000011920929, 0.024, 0.04200000005960464, 0.09000000011920929, 0.026, 0.044000000059604645, 0.03, 0.10000000047683716, 0.098, 0.05600000023841858, 0.06400000011920928, 0.05600000005960464, 0.14000000047683717, 0.028, 0.15200000047683715, 0.16200000047683716, 0.11600000047683716, 0.05600000005960464, 0.03800000023841858, 0.06800000011920929, 0.07000000023841858, 0.05000000005960464, 0.04000000002980232, 0.13599999976158142, 0.10200000011920929, 0.04800000005960464, 0.09000000023841857, 0.052000000059604645, 0.0760000001192093, 0.036000000029802325, 0.030000000029802323, 0.08800000011920929, 0.0920000001192093, 0.09000000047683716, 0.0920000001192093, 0.10000000005960465, 0.064, 0.03400000002980232, 0.1600000009536743, 0.07000000005960465, 0.030000000029802323, 0.03200000005960464, 0.0760000001192093, 0.09400000023841858, 0.10800000023841858, 0.05600000011920929, 0.04000000002980232, 0.0760000001192093]
4.loss_epoch = [1.4290225173544695, 1.3866866684335424, 1.3810538740608636, 1.3760752161656777, 1.369806738162604, 1.3628600886487585, 1.3559730719393632, 1.3541841086440198, 1.3518678415478684, 1.3439816277796828, 1.3391849621074405, 1.3368592650871578, 1.3315671269349225, 1.3228530630351991, 1.325955047945338, 1.3140838302026583, 1.3118966750272616, 1.3058477508740163, 1.3041201540804286, 1.30265481734839, 1.290423715208459, 1.296347952827694, 1.285105150515639, 1.285956379560035, 1.2651002508448803, 1.2718243319218554, 1.261456379927988, 1.263138605853704, 1.2597225414486382, 1.2426878180090837, 1.2414158173433438, 1.2412171806876116, 1.236176701042596, 1.2259097630583395, 1.2147642961637242, 1.2204727645934097, 1.1965703797152663, 1.1869071192628755, 1.2089572900862207, 1.194389118922977, 1.168616551677073, 1.1642770406768077, 1.1598103338339196, 1.1541322610509677, 1.1392839636389664, 1.1396239553849528, 1.1129670131863572, 1.1093670634772834, 1.105264606626015, 1.0836096913795772]
5.vall_loss_epoch = [4.38161197757721, 4.919676445007324, 5.24626138305664, 5.42126703453064, 5.350899069786072, 5.863961969375611, 5.850726930618286, 6.107595969200134, 6.1410810623168945, 6.247514672279358, 6.855979826927185, 6.584769315719605, 6.182363167762756, 6.403691326141358, 6.898622834205628, 7.242934566497802, 6.77897647857666, 6.970329314231873, 6.826290700912476, 6.3124397134780885, 7.024817193984985, 6.922523740768432, 7.666025215148926, 7.105417907714844, 7.286656633377075, 7.957791777610779, 7.098539036750793, 7.8938176279068, 6.717774475097657, 8.120377173423767, 7.063318037986756, 6.522601623535156, 8.27327669429779, 7.155908441543579, 8.329675815582275, 6.986966468811035, 8.149497345924377, 8.39051406288147, 7.534271709442138, 8.03166213607788, 8.139971514701843, 8.396297440528869, 8.376181070327759, 8.351228061676025, 8.647648851394653, 8.86436492061615, 8.422063599586487, 6.70612525844574, 8.697651689529419, 8.98142592048645]
Figure name: 
C:\Users\Flori\Documents\GitHub\figs\2018_12_21_RUNEXPERIMENT_FigureLOSS&ACC013.png
 NONE 