Floris Fok 
2018/12/31      At: 4:10:29
 
 
 The params where: 
1.Data = Blood
2.data_name = None
3.style = FT
4.model = CatDog
5.file_path = C:\blood-cells
6.pickle_path = C:\pickles\Blood
7.model_path = {'KaggleDR': 'C:\\models\\Epochs_50_kaggleDR.json', 'Chest': 'C:\\models\\Epochs_50_Chest.json', 'CatDog': 'C:\\models\\Epochs_40_CatDog.json'}
8.RandomSeed = 7
9.doc_path = C:\Users\Flori\Documents\GitHub\t
10.img_size_x = 224
11.img_size_y = 224
12.norm = False
13.color = True
14.pretrain = None
15.equal_data = False
16.shuffle = True
17.epochs = 50
18.val_size = 1500
19.test_size = 2000
20.Batch_size = 32 
 
 
 The results where: 
1.score = 0.7815179126446995
2.acc_epoch = [0.2511369938957513, 0.25224625625612995, 0.2523571824901843, 0.2523571824819197, 0.2523571824901843, 0.2523571824554728, 0.2523571824670433, 0.2523571824901843, 0.2523571824757212, 0.25224625622141844, 0.24836383806422757, 0.24780920688569116, 0.24936217413600523, 0.2523571824819197, 0.2514697726177495, 0.2523571824670433, 0.24636716583141405, 0.24658901831109326, 0.2523571824901843, 0.2523571824777873, 0.24570160842378208, 0.24459234605679164, 0.2501386578008326, 0.24658901828464638, 0.24492512480854262, 0.24581253463138955, 0.24658901831109326, 0.2469217969719331, 0.24481419856002512, 0.24880754296573346, 0.24414864112057424, 0.25224625623298896, 0.2485856905058894, 0.2471436494896297, 0.2469217969950741, 0.24570160841221156, 0.24803105934222935, 0.24559068216328084, 0.24769828061031357, 0.25036051024249445, 0.24902939543384217, 0.2483638380443924, 0.2419301164692399, 0.24869661673167912, 0.24792013307842228, 0.24925124792839776, 0.2466999445410153, 0.23793677205485367, 0.24825291182190856, 0.24403771491296677]
3.val_acc_epoch = [0.2653333333333333, 0.2653333333333333, 0.2653333333333333, 0.2653333333333333, 0.2653333333333333, 0.2653333333333333, 0.2653333333333333, 0.2653333333333333, 0.2653333333333333, 0.2653333333333333, 0.2653333333333333, 0.2653333333333333, 0.2653333333333333, 0.2653333333333333, 0.2653333333333333, 0.2653333333333333, 0.2653333333333333, 0.2653333333333333, 0.2653333333333333, 0.2653333333333333, 0.2653333333333333, 0.2653333333333333, 0.2653333333333333, 0.2653333333333333, 0.2653333333333333, 0.2653333333333333, 0.2653333333333333, 0.2653333333333333, 0.23866666690508526, 0.23866666690508526, 0.23866666690508526, 0.23866666690508526, 0.23866666690508526, 0.23866666690508526, 0.23866666690508526, 0.23866666690508526, 0.23866666690508526, 0.23866666690508526, 0.23866666690508526, 0.23866666690508526, 0.23866666690508526, 0.23866666690508526, 0.23866666690508526, 0.23866666690508526, 0.23866666690508526, 0.23866666690508526, 0.23866666690508526, 0.23866666690508526, 0.23866666690508526, 0.23866666690508526]
4.loss_epoch = [5.637671066586732, 5.616514476960194, 5.60168501953912, 5.590347329074651, 5.581594128695978, 5.574724493539803, 5.5692504650079995, 5.564874314600669, 5.561367388401042, 5.558514917101784, 5.556194550688241, 5.554307787774076, 5.55275292679527, 5.551479953061325, 5.550416492741437, 5.549542368403819, 5.5488198959490225, 5.548219646987026, 5.547727810219137, 5.547325809307384, 5.546977699298827, 5.546690484436763, 5.546447027357697, 5.546245943779292, 5.5460834806255015, 5.545940406839516, 5.545827121121052, 5.545736426481986, 5.545657469124776, 5.545585357646974, 5.54552553539731, 5.545476515215103, 5.5454405740176185, 5.545410365021632, 5.545384737576502, 5.545363005227138, 5.545339246782672, 5.545319300602359, 5.54530664450317, 5.545294587002552, 5.545283167347668, 5.545279077550007, 5.545275462949799, 5.545267081353245, 5.545262513025826, 5.545256237922875, 5.545253820572704, 5.545251749782382, 5.545241587147472, 5.545243461014361]
5.vall_loss_epoch = [1.4057653398513794, 1.4015340871810913, 1.398322095235189, 1.395868058204651, 1.3939686269760132, 1.3924641698201496, 1.3912693564097087, 1.39032395362854, 1.3895598421096802, 1.388947606086731, 1.3884482126235962, 1.3880410334269206, 1.3877143230438231, 1.38744757938385, 1.3872269032796225, 1.3870463282267254, 1.3868992614746094, 1.3867813205718995, 1.3866857385635376, 1.3866096595128377, 1.3865425284703572, 1.3864877039591472, 1.3864453134536743, 1.3864108276367189, 1.386383189201355, 1.3863608735402426, 1.3863422746658325, 1.386326940536499, 1.3863162924448649, 1.3863075393040976, 1.3863000202178954, 1.386295873006185, 1.3862937164306641, 1.3862904456456502, 1.3862889912923178, 1.3862873185475668, 1.3862864513397217, 1.3862857990264892, 1.3862851985295614, 1.3862834644317628, 1.3862828741073607, 1.3862817595799763, 1.38628093624115, 1.3862822281519571, 1.3862825581232707, 1.386283040046692, 1.3862836462656656, 1.3862834164301554, 1.3862849477132162, 1.3862853358586629]
Figure name: 
C:\Users\Flori\Documents\GitHub\figs\2018_12_31_RUNEXPERIMENT_FigureLOSS&ACC0410.png
 NONE 