Floris Fok 
2018/12/14      At: 2:34:32
 
 
 The params where: 
1.Data = ISIC
2.RandomSeed = 7
3.img_size_x = 224
4.img_size_y = 224
5.norm = False
6.color = True
7.pretrain = None
8.equal_data = False
9.shuffle = True
10.epochs = 50
11.val_size = 300
12.test_size = 400
13.Batch_size = 16 
 
 
 The results where: 
1.score = 0.9108070484608073
2.acc_epoch = [0.33694379391100704, 0.34162763466042156, 0.34514051522248246, 0.3457259953161593, 0.35743559718969553, 0.3840749414519906, 0.3951990632318501, 0.406615925058548, 0.48272833723653397, 0.5240046838407494, 0.5345433255269321, 0.5415690866510539, 0.5459601873536299, 0.550351288056206, 0.5916276346604216, 0.6144613583138173, 0.620023419203747, 0.627927400468384, 0.6288056206088993, 0.6349531615925058, 0.6288056206088993, 0.6308548009367682, 0.6370023419203747, 0.6352459016393442, 0.6331967213114754, 0.6454918032786885, 0.6457845433255269, 0.6425644028103045, 0.6484192037470726, 0.6466627634660421, 0.6522248243559718, 0.6510538641686182, 0.6504683840749415, 0.6589578454332553, 0.6522248243559718, 0.6589578454332553, 0.6577868852459017, 0.6507611241217799, 0.6598360655737705, 0.6612997658079626, 0.663056206088993, 0.663056206088993, 0.6607142857142857, 0.6648126463700235, 0.6627634660421545, 0.6651053864168618, 0.6624707259953162, 0.6633489461358314, 0.6665690866510539, 0.6639344262295082]
3.val_acc_epoch = [0.3366666668653488, 0.3333333335320155, 0.3366666668653488, 0.3566666668653488, 0.37666666706403096, 0.39333333293596906, 0.4066666666666667, 0.42, 0.5166666666666667, 0.5233333333333333, 0.5233333333333333, 0.5366666666666666, 0.5399999996026357, 0.5300000003973643, 0.63, 0.6199999992052714, 0.6166666658719381, 0.6399999992052714, 0.6233333325386048, 0.5933333325386048, 0.6199999992052714, 0.6333333325386047, 0.62, 0.6233333325386048, 0.6266666658719381, 0.6366666658719381, 0.42, 0.6433333325386047, 0.6266666666666667, 0.6333333325386047, 0.6333333325386047, 0.6333333333333333, 0.6299999992052714, 0.6399999992052714, 0.6233333333333333, 0.6333333325386047, 0.6233333333333333, 0.6166666658719381, 0.6333333333333333, 0.6266666658719381, 0.6233333333333333, 0.6433333333333333, 0.6266666666666667, 0.6199999992052714, 0.6299999992052714, 0.6033333333333334, 0.6166666666666667, 0.6266666658719381, 0.61, 0.62]
4.loss_epoch = [1.0982990599906974, 1.097159290481228, 1.0935532828963055, 1.0891460668845254, 1.085352886756075, 1.08125532594721, 1.0767806821461305, 1.0718536801304694, 1.0662548377307293, 1.0598385216759854, 1.0522726779799272, 1.0447040497558737, 1.0371394807895955, 1.029385966216094, 1.0204463231200636, 1.0135687589645386, 1.0036416235238104, 0.9939217385977716, 0.9844761450340932, 0.9729258395748898, 0.9673765938231761, 0.9559729050417416, 0.9426255533231784, 0.9334600552462862, 0.9225205738594716, 0.9057810362384805, 0.8937528060805882, 0.8833726123847783, 0.866720049945197, 0.8574238084518379, 0.840282032863876, 0.8307037454019944, 0.8180846581693555, 0.8003514187118209, 0.7912790493328622, 0.7753450909598929, 0.764180271910281, 0.7668443079296264, 0.7411895948494904, 0.7305128683251016, 0.7194040149659686, 0.7098756450679877, 0.7014986215207281, 0.6861836653403431, 0.6937468163581866, 0.6684172436839244, 0.6607273071655345, 0.6551559339920866, 0.6410061168447312, 0.6328360141021585]
5.vall_loss_epoch = [1.0982475280761719, 1.0968021154403687, 1.0920545943578084, 1.0886245632171632, 1.084739883740743, 1.080367520650228, 1.075766084988912, 1.0705252981185913, 1.064600976308187, 1.0581490882237752, 1.0499494314193725, 1.0428488413492838, 1.0370868301391603, 1.0298571316401164, 1.022357718149821, 1.0127270436286926, 1.0056740180651347, 0.9965563035011291, 0.9887080796559652, 0.991920842329661, 0.9687859447797139, 0.965510028998057, 0.9481118845939637, 0.9437167549133301, 0.9261695663134257, 0.9141100668907165, 1.0952481985092164, 0.8919392387072246, 0.8791141025225322, 0.8694933374722799, 0.863440264860789, 0.855111894607544, 0.8554527719815572, 0.8337224205334981, 0.8307429242134095, 0.8168662031491597, 0.8102302010854086, 0.8286516785621643, 0.7888914966583251, 0.8121582611401876, 0.7969661370913188, 0.7702500557899475, 0.7719199085235595, 0.8040125441551208, 0.7683916099866231, 0.7868349846204122, 0.7421837608019511, 0.7692315053939819, 0.7552751612663269, 0.7460708181063335]
6.data_name = three
7.method = imagenet
8.style = FT
Figure name: 
C:\Users\Flori\Documents\GitHub\t2018_12_14_RUNEXPERIMENT_FigureACC0234.png
C:\Users\Flori\Documents\GitHub\t2018_12_14_RUNEXPERIMENT_FigureLOSS&ACC0234.png