Floris Fok 
2018/12/29      At: 6:59:46
 
 
 The params where: 
1.Data = Chest
2.data_name = None
3.style = FT
4.model = Chest
5.file_path = C:\chest_xray
6.pickle_path = C:\pickles\Chest_int
7.model_path = {'KaggleDR': 'C:\\models\\Epochs_50_kaggleDR.json', 'Chest': 'C:\\models\\Epochs_50_Chest.json', 'CatDog': 'C:\\models\\Epochs_40_CatDog.json'}
8.RandomSeed = 5
9.doc_path = C:\Users\Flori\Documents\GitHub\t
10.img_size_x = 224
11.img_size_y = 224
12.norm = False
13.color = True
14.pretrain = None
15.equal_data = False
16.shuffle = True
17.epochs = 50
18.val_size = 600
19.test_size = 900
20.Batch_size = 32 
 
 
 The results where: 
1.score = 0.998493592606043
2.acc_epoch = [0.2699724517906336, 0.2699724517906336, 0.2699724517906336, 0.2699724517906336, 0.6283287419651056, 0.988751147842057, 0.9933425160697889, 0.9954086317722681, 0.9965564738292011, 0.9965564738292011, 0.9970156106519743, 0.9970156106519743, 0.9974747474747475, 0.9977043158861341, 0.9977043158861341, 0.9979338842975206, 0.9979338842975206, 0.9979338842975206, 0.9979338842975206, 0.9979338842975206, 0.9979338842975206, 0.9983930211202938, 0.9983930211202938, 0.9983930211202938, 0.9983930211202938, 0.9983930211202938, 0.9983930211202938, 0.9983930211202938, 0.9983930211202938, 0.9983930211202938, 0.9983930211202938, 0.9983930211202938, 0.9983930211202938, 0.9983930211202938, 0.9983930211202938, 0.9983930211202938, 0.9983930211202938, 0.9983930211202938, 0.9983930211202938, 0.9983930211202938, 0.9983930211202938, 0.9983930211202938, 0.9983930211202938, 0.9983930211202938, 0.9983930211202938, 0.9983930211202938, 0.9983930211202938, 0.9983930211202938, 0.9983930211202938, 0.9983930211202938]
3.val_acc_epoch = [0.26833333293596906, 0.26833333293596906, 0.26833333293596906, 0.26833333293596906, 0.9766666658719381, 0.9849999992052714, 0.9883333325386048, 0.9866666658719381, 0.9899999992052714, 0.9899999992052714, 0.9799999992052714, 0.9899999992052714, 0.9899999992052714, 0.9899999992052714, 0.9916666658719381, 0.9899999992052714, 0.9899999992052714, 0.9916666658719381, 0.9933333325386048, 0.9933333325386048, 0.9916666658719381, 0.9916666658719381, 0.9916666658719381, 0.9916666658719381, 0.9916666658719381, 0.9916666658719381, 0.9916666658719381, 0.9916666658719381, 0.9916666658719381, 0.9916666658719381, 0.9916666658719381, 0.9916666658719381, 0.9916666658719381, 0.9916666658719381, 0.9916666658719381, 0.9916666658719381, 0.9916666658719381, 0.9916666658719381, 0.9916666658719381, 0.9916666658719381, 0.9916666658719381, 0.9916666658719381, 0.9916666658719381, 0.9916666658719381, 0.9916666658719381, 0.9916666658719381, 0.9916666658719381, 0.9916666658719381, 0.9916666658719381, 0.9916666658719381]
4.loss_epoch = [1.2513972521922914, 1.195533490049609, 1.1446970280865336, 1.097502709091859, 1.0532825748454113, 1.0117965294090951, 0.9724512793144247, 0.935542950179185, 0.9006662090728872, 0.8673717103166466, 0.8356425740283164, 0.8058592592279664, 0.7769794391863274, 0.7497901630795691, 0.7238978444708937, 0.6992894551751808, 0.6759004002869732, 0.6536079473294064, 0.6323879541772784, 0.6120654746849018, 0.5927668979564208, 0.5739157764160709, 0.5560048537806046, 0.5390570037292711, 0.5228762962710868, 0.5074126707292457, 0.4926208544478053, 0.47847559202472695, 0.46495041344229293, 0.45201422218010995, 0.4396131357214011, 0.4277480716985557, 0.41636963307693314, 0.40548190635973647, 0.39503018578550375, 0.3850018123730921, 0.37539601676282364, 0.36617551427898987, 0.3573262840646248, 0.34882467905789805, 0.3406690576954431, 0.3328280486679603, 0.32527795496941486, 0.317992604523213, 0.3110029608750146, 0.30427088230656746, 0.297792086615488, 0.29153494948745323, 0.28551624010636023, 0.2797100331610337]
5.vall_loss_epoch = [0.7256152947743734, 0.6874530061086019, 0.6533565576871236, 0.6219028894106547, 0.5917429844538371, 0.564735365708669, 0.5394534389177958, 0.5166549706459045, 0.49369781255722045, 0.4740120760599772, 0.45844215273857114, 0.43627778967221575, 0.41895331343015035, 0.40405693332354226, 0.3872237495581309, 0.37329561352729795, 0.3593601429462433, 0.34680907090504964, 0.33400119026501973, 0.32277286688486734, 0.31283005833625793, 0.30290953755378724, 0.2927928892771403, 0.283310139576594, 0.2746474333604177, 0.2667111539840698, 0.25898640433947245, 0.2517392329374949, 0.24447781284650166, 0.23784721811612447, 0.23076472481091817, 0.2251065707206726, 0.21971267183621723, 0.2135492487748464, 0.2087496781349182, 0.20332393964131673, 0.19870035449663798, 0.19438582340876262, 0.18957097133000692, 0.1849409208695094, 0.18107429027557373, 0.17728043893973033, 0.17355356693267823, 0.1703112252553304, 0.16678570886452992, 0.16381880680720012, 0.16013784726460775, 0.15686380704243977, 0.15382050891717275, 0.15133184373378752]
Figure name: 
C:\Users\Flori\Documents\GitHub\figs\2018_12_29_RUNEXPERIMENT_FigureLOSS&ACC0659.png
 NONE 