Floris Fok 
2018/12/29      At: 8:20:33
 
 
 The params where: 
1.Data = Chest
2.data_name = None
3.style = FT
4.model = CatDog
5.file_path = C:\chest_xray
6.pickle_path = C:\pickles\Chest_int
7.model_path = {'KaggleDR': 'C:\\models\\Epochs_50_kaggleDR.json', 'Chest': 'C:\\models\\Epochs_50_Chest.json', 'CatDog': 'C:\\models\\Epochs_40_CatDog.json'}
8.RandomSeed = 5
9.doc_path = C:\Users\Flori\Documents\GitHub\t
10.img_size_x = 224
11.img_size_y = 224
12.norm = False
13.color = True
14.pretrain = None
15.equal_data = False
16.shuffle = True
17.epochs = 50
18.val_size = 600
19.test_size = 900
20.Batch_size = 32 
 
 
 The results where: 
1.score = 0.9935352756686125
2.acc_epoch = [0.7300275482093664, 0.7300275482093664, 0.7300275482093664, 0.7300275482093664, 0.7300275482093664, 0.7300275482093664, 0.7300275482093664, 0.7300275482093664, 0.8528466483011937, 0.9763544536271809, 0.9763544536271809, 0.9775022956841138, 0.9724517906336089, 0.9781910009182736, 0.9837006427915519, 0.9841597796143251, 0.9873737373737373, 0.9869146005509641, 0.9818640955004592, 0.9685491276400368, 0.9637281910009182, 0.9754361799816346, 0.9797979797979798, 0.9825528007346189, 0.97910927456382, 0.9827823691460055, 0.9839302112029384, 0.9892102846648301, 0.9896694214876033, 0.9533976124885216, 0.9853076216712581, 0.9871441689623508, 0.9908172635445363, 0.9437557392102847, 0.9545454545454546, 0.9653351698806244, 0.9775022956841138, 0.9882920110192838, 0.9892102846648301, 0.9894398530762167, 0.9912764003673095, 0.9924242424242424, 0.9882920110192838, 0.9924242424242424, 0.9924242424242424, 0.9928833792470156, 0.9928833792470156, 0.9928833792470156, 0.9931129476584022, 0.9931129476584022]
3.val_acc_epoch = [0.7316666658719381, 0.7316666658719381, 0.7316666658719381, 0.7316666658719381, 0.7316666658719381, 0.7316666658719381, 0.7316666658719381, 0.7316666658719381, 0.9633333341280619, 0.941666665871938, 0.9633333341280619, 0.956666665871938, 0.9499999992052715, 0.9549999992052715, 0.951666665871938, 0.9533333325386047, 0.9666666674613953, 0.9683333325386048, 0.9583333341280619, 0.951666665871938, 0.9549999992052715, 0.9366666674613953, 0.9216666674613953, 0.9600000007947286, 0.9683333325386048, 0.9683333325386048, 0.9599999992052713, 0.9716666658719381, 0.9716666658719381, 0.9733333325386048, 0.9633333341280619, 0.9699999992052714, 0.9766666658719381, 0.9416666674613953, 0.9066666658719381, 0.9683333325386048, 0.9733333325386048, 0.9733333325386048, 0.9716666658719381, 0.9733333325386048, 0.9749999992052714, 0.9450000007947286, 0.9716666658719381, 0.9749999992052714, 0.9749999992052714, 0.9749999992052714, 0.9766666658719381, 0.9766666658719381, 0.9749999992052714, 0.9749999992052714]
4.loss_epoch = [1.3236100752491595, 1.27660904727582, 1.2443450614878406, 1.210693562983153, 1.1823918371161153, 1.1524474908716642, 1.1230027244329672, 1.0951145746162771, 1.0705207980916083, 1.0415967236537251, 1.0170062033817022, 0.9923815448093677, 0.9720558250464902, 0.9456040547789512, 0.9161211895877008, 0.8927005726443834, 0.8670547869470384, 0.844816929216884, 0.8296353392255098, 0.8258983751740119, 0.8161416944831309, 0.7813661007622823, 0.7596160342542265, 0.73444813572014, 0.7206931815878638, 0.697491094866841, 0.679716195285156, 0.6537342986675224, 0.6367066421565711, 0.6753501886069172, 0.614187705724802, 0.5949233388878864, 0.5733075581963069, 0.6711589307058174, 0.6181946621781866, 0.5906493024502029, 0.5524685540475136, 0.5200683222219854, 0.5042396789849407, 0.4929043569621742, 0.4762297502015029, 0.46260858654866427, 0.46148408701706634, 0.44125834957134624, 0.43158949286265585, 0.4212299761310206, 0.4116566331152307, 0.40258630204353996, 0.39372078911550995, 0.3854684372414571]
5.vall_loss_epoch = [0.5388252059618632, 0.525939134756724, 0.5180320684115092, 0.5062776287396749, 0.4950021560986837, 0.48440349380175274, 0.474341649611791, 0.4675113157431285, 0.45676111817359927, 0.46612340927124024, 0.43965439041455584, 0.4352099144458771, 0.42440320531527204, 0.41571609139442445, 0.41236085414886475, 0.4024602520465851, 0.3858663022518158, 0.37789692083994547, 0.3736210485299428, 0.3701838191350301, 0.3604752083619436, 0.37324522296587626, 0.37557893713315327, 0.3358081758022308, 0.32608178893725076, 0.3211488604545593, 0.32200145443280537, 0.30551382660865783, 0.2982799796263377, 0.29241668979326885, 0.2961907029151917, 0.28436128377914427, 0.2733388654390971, 0.30272290349006653, 0.3507961308956146, 0.26714306433995566, 0.25727481563886007, 0.2517401242256165, 0.24838001489639283, 0.24389506578445436, 0.23852054238319398, 0.27268647869428, 0.23201667149861654, 0.224998708764712, 0.2235418059428533, 0.21837405423323314, 0.21380090455214182, 0.20996540566285452, 0.20667569140593212, 0.2036046983798345]
Figure name: 
C:\Users\Flori\Documents\GitHub\figs\2018_12_29_RUNEXPERIMENT_FigureLOSS&ACC0820.png
 NONE 