Floris Fok 
2018/12/29      At: 10:59:12
 
 
 The params where: 
1.Data = Chest
2.data_name = None
3.style = FT
4.model = imagenet
5.file_path = C:\chest_xray
6.pickle_path = C:\pickles\Chest_int
7.model_path = {'KaggleDR': 'C:\\models\\Epochs_50_kaggleDR.json', 'Chest': 'C:\\models\\Epochs_50_Chest.json', 'CatDog': 'C:\\models\\Epochs_40_CatDog.json'}
8.RandomSeed = 7
9.doc_path = C:\Users\Flori\Documents\GitHub\t
10.img_size_x = 224
11.img_size_y = 224
12.norm = False
13.color = True
14.pretrain = None
15.equal_data = False
16.shuffle = True
17.epochs = 50
18.val_size = 600
19.test_size = 900
20.Batch_size = 32 
 
 
 The results where: 
1.score = 0.9989547006524244
2.acc_epoch = [0.7610192837465565, 0.88544536271809, 0.9056473829201102, 0.9341138659320477, 0.9377869605142333, 0.9513314967860422, 0.9563820018365473, 0.9632690541781451, 0.9522497704315886, 0.9586776859504132, 0.9591368227731865, 0.9637281910009182, 0.967860422405877, 0.970615243342516, 0.9699265381083563, 0.9715335169880625, 0.980257116620753, 0.9781910009182736, 0.9754361799816346, 0.9722222222222222, 0.9827823691460055, 0.9786501377410468, 0.9756657483930211, 0.9811753902662994, 0.9765840220385675, 0.9880624426078971, 0.987603305785124, 0.9933425160697889, 0.9889807162534435, 0.9843893480257117, 0.9912764003673095, 0.9947199265381084, 0.9947199265381084, 0.98989898989899, 0.990358126721763, 0.9908172635445363, 0.9905876951331497, 0.990358126721763, 0.9965564738292011, 0.9901285583103765, 0.9963269054178145, 0.9820936639118457, 0.9965564738292011, 0.9972451790633609, 0.9974747474747475, 0.9974747474747475, 0.9974747474747475, 0.9974747474747475, 0.9974747474747475, 0.9974747474747475]
3.val_acc_epoch = [0.8750000007947286, 0.9066666658719381, 0.915, 0.845, 0.9366666666666666, 0.9266666666666666, 0.926666665871938, 0.955, 0.9466666666666667, 0.956666665871938, 0.9633333325386048, 0.95, 0.9283333325386047, 0.95, 0.961666665871938, 0.9633333325386048, 0.9683333325386048, 0.96, 0.928333334128062, 0.965, 0.9683333325386048, 0.941666665871938, 0.8983333341280619, 0.97, 0.97, 0.9666666658719381, 0.96, 0.975, 0.9733333325386048, 0.9683333333333334, 0.9683333325386048, 0.9683333325386048, 0.9683333325386048, 0.8016666666666666, 0.9666666674613953, 0.875, 0.9733333333333334, 0.9716666658719381, 0.9599999992052713, 0.9599999992052713, 0.9733333341280619, 0.98, 0.9749999992052714, 0.9783333333333334, 0.9766666666666667, 0.9766666666666667, 0.9783333333333334, 0.9783333333333334, 0.9766666666666667, 0.9766666666666667]
4.loss_epoch = [1.3719478204121165, 1.3408019991507762, 1.3117302705433742, 1.2816435807992603, 1.2528069770806858, 1.2189706226791999, 1.1842947233916423, 1.1430448056143068, 1.1092742153326232, 1.059870800477195, 1.0120127039069533, 0.9534145220361575, 0.8898615784005794, 0.8235669972373325, 0.7524413474663558, 0.6838830891172201, 0.6038977288674389, 0.5451179893603557, 0.48746356707411803, 0.4489938001002162, 0.37148564914369714, 0.35037499824940777, 0.32430943668819107, 0.28640070578119314, 0.28194448711731984, 0.2212779880035241, 0.21184215453154895, 0.1748229118117069, 0.17701999191109252, 0.1862322249141059, 0.15183601392256874, 0.12771763523255497, 0.12054153951184261, 0.1310604957263332, 0.12635743661798174, 0.11430248891792788, 0.11617364141922461, 0.11378619631733557, 0.07992000830649673, 0.0997729357691179, 0.07510359594521444, 0.14441081397816935, 0.06962304399498458, 0.05944411560578342, 0.05682773345908624, 0.05473383508889471, 0.05303016125717986, 0.051704649330280156, 0.05050034881753315, 0.04935950314484133]
5.vall_loss_epoch = [0.6790680511792501, 0.6639699514706929, 0.6507438826560974, 0.6476678435007731, 0.6213226954142252, 0.6090466252962748, 0.5936210703849792, 0.5669932532310485, 0.5505087153116862, 0.523924260934194, 0.4968122208118439, 0.47473623712857566, 0.46125652273495993, 0.41338528315226236, 0.3713336022694906, 0.33905040423075355, 0.3041193695863088, 0.2829250289996465, 0.3040352972348531, 0.22239538033803305, 0.2019093237320582, 0.23950317879517874, 0.3211659685770671, 0.15711841017007827, 0.15004217704137165, 0.1505395342906316, 0.1526213539640109, 0.12352607717116673, 0.12147134085496267, 0.12400305171807607, 0.1207504724462827, 0.11882582932710647, 0.11901379098494848, 0.5783910338083903, 0.11519879003365835, 0.2633023448785146, 0.10097905064622562, 0.11468506236871083, 0.14637988169987998, 0.1251206221183141, 0.10275299350420634, 0.08859291349848111, 0.09057294895251591, 0.0918994410832723, 0.09242812988658745, 0.09460539532204469, 0.09103988600273927, 0.09061014225085576, 0.09009089576701323, 0.09095342593888442]
Figure name: 
C:\Users\Flori\Documents\GitHub\figs\2018_12_29_RUNEXPERIMENT_FigureLOSS&ACC01059.png
 NONE 