Floris Fok 
2018/12/29      At: 12:45:31
 
 
 The params where: 
1.Data = Chest
2.data_name = None
3.style = FT
4.model = CatDog
5.file_path = C:\chest_xray
6.pickle_path = C:\pickles\Chest_int
7.model_path = {'KaggleDR': 'C:\\models\\Epochs_50_kaggleDR.json', 'Chest': 'C:\\models\\Epochs_50_Chest.json', 'CatDog': 'C:\\models\\Epochs_40_CatDog.json'}
8.RandomSeed = 7
9.doc_path = C:\Users\Flori\Documents\GitHub\t
10.img_size_x = 224
11.img_size_y = 224
12.norm = False
13.color = True
14.pretrain = None
15.equal_data = False
16.shuffle = True
17.epochs = 50
18.val_size = 600
19.test_size = 900
20.Batch_size = 32 
 
 
 The results where: 
1.score = 0.9960169271156842
2.acc_epoch = [0.8886593204775023, 0.9400826446280992, 0.9449035812672176, 0.95821854912764, 0.9671717171717171, 0.971763085399449, 0.9745179063360881, 0.9800275482093664, 0.9807162534435262, 0.9873737373737373, 0.9894398530762167, 0.9905876951331497, 0.9919651056014692, 0.9924242424242424, 0.9924242424242424, 0.9896694214876033, 0.9894398530762167, 0.9848484848484849, 0.9896694214876033, 0.9910468319559229, 0.9455922865013774, 0.9834710743801653, 0.9680899908172635, 0.9871441689623508, 0.9859963269054178, 0.9924242424242424, 0.9931129476584022, 0.9797979797979798, 0.9869146005509641, 0.9942607897153352, 0.9921946740128559, 0.9949494949494949, 0.9949494949494949, 0.9940312213039486, 0.993801652892562, 0.9954086317722681, 0.9954086317722681, 0.9954086317722681, 0.9949494949494949, 0.9956382001836547, 0.9956382001836547, 0.9958677685950413, 0.9958677685950413, 0.9958677685950413, 0.9958677685950413, 0.9958677685950413, 0.9958677685950413, 0.9958677685950413, 0.9958677685950413, 0.9958677685950413]
3.val_acc_epoch = [0.8233333325386047, 0.8866666666666667, 0.9483333325386047, 0.9533333325386047, 0.9583333333333334, 0.9633333333333334, 0.955, 0.94, 0.9516666666666667, 0.9583333333333334, 0.8883333333333333, 0.955, 0.9616666666666667, 0.9583333333333334, 0.96, 0.9633333333333334, 0.9633333325386048, 0.9583333333333334, 0.9633333333333334, 0.965, 0.9516666666666667, 0.6350000003973643, 0.9616666666666667, 0.9633333333333334, 0.941666665871938, 0.9633333333333334, 0.965, 0.956666665871938, 0.9633333333333334, 0.9683333333333334, 0.9583333341280619, 0.9633333333333334, 0.9633333333333334, 0.965, 0.965, 0.9633333333333334, 0.9633333333333334, 0.9633333333333334, 0.9649999992052714, 0.9616666666666667, 0.965, 0.965, 0.965, 0.965, 0.965, 0.965, 0.965, 0.965, 0.965, 0.965]
4.loss_epoch = [1.0610518145714471, 0.9997076108107553, 0.9741686574902635, 0.948646565114171, 0.9236409993648967, 0.9022463079545342, 0.8830755969819069, 0.8618155557207278, 0.8430574264298676, 0.8173193637661369, 0.7973041534971161, 0.7794164570785641, 0.7594573271176046, 0.7416140247748684, 0.7250835480659352, 0.7125274530236495, 0.6963952480378339, 0.6865214575749127, 0.6646344877909476, 0.6463662974324327, 0.6978763520881821, 0.6346431783408173, 0.645223835939875, 0.5978028191351037, 0.583168821120284, 0.5625940689917985, 0.5440941105423114, 0.5574636593721021, 0.5325948591074667, 0.5051763037457392, 0.49657668861585325, 0.4789978605109251, 0.4672548976702029, 0.45812422007021275, 0.4488764776342828, 0.4338692245240382, 0.42380274234286575, 0.41415760301470866, 0.40617217899354036, 0.39562574409365764, 0.3867179568039375, 0.3779399515949771, 0.36972833662212606, 0.36191001082911634, 0.35436710438890345, 0.34708613529459287, 0.3400563300203248, 0.3332679219701292, 0.32669685722163666, 0.3204175774606682]
5.vall_loss_epoch = [0.5347238485018412, 0.4978950198491414, 0.4574207846323649, 0.447854452530543, 0.4386939493815104, 0.42997385303179425, 0.42475308299064635, 0.43199038863182065, 0.4112686161200205, 0.4010212504863739, 0.4482050577799479, 0.3860945431391398, 0.3784074199199676, 0.3715445069471995, 0.36307437896728517, 0.35565141956011453, 0.34949573159217834, 0.3467840095361074, 0.33635237455368044, 0.3299942334493001, 0.33286712447802225, 0.6415041248003642, 0.314131852388382, 0.30624693195025127, 0.32097199400266013, 0.29620113213857013, 0.2906844532489777, 0.2897760550181071, 0.28010124425093336, 0.2728351829449336, 0.2753992474079132, 0.26869979242483777, 0.2617380740245183, 0.25579515695571897, 0.2524589004119237, 0.24868260701497397, 0.24495950003465017, 0.24135457853476205, 0.23839508831501008, 0.233990575671196, 0.23056823352972666, 0.22659970780213673, 0.22363274971644084, 0.22069540838400523, 0.21782469590504963, 0.21505779922008514, 0.21244310120741527, 0.2099066005150477, 0.2075259186824163, 0.2051274472475052]
Figure name: 
C:\Users\Flori\Documents\GitHub\figs\2018_12_29_RUNEXPERIMENT_FigureLOSS&ACC01245.png
 NONE 