Floris Fok 
2018/12/17      At: 10:57:26
 
 
 The params where: 
1.Data = ISIC
2.data_name = three
3.style = FT
4.model = kaggleDR
5.file_path = C:\ISIC
6.pickle_path = C:\pickles\save_melanoom_color_
7.model_path = C:\models\Epochs_50_Chest.json
8.RandomSeed = 2
9.doc_path = C:\Users\Flori\Documents\GitHub\t
10.img_size_x = 224
11.img_size_y = 224
12.norm = False
13.color = True
14.pretrain = None
15.equal_data = False
16.shuffle = True
17.epochs = 50
18.val_size = 300
19.test_size = 400
20.Batch_size = 16 
 
 
 The results where: 
1.score = 0.8187126874206482
2.acc_epoch = [0.35509367681498827, 0.4112997658079625, 0.44291569086651056, 0.47365339578454335, 0.484192037470726, 0.4997072599531616, 0.5058548009367682, 0.525175644028103, 0.5283957845433255, 0.5362997658079626, 0.550351288056206, 0.550351288056206, 0.5591334894613583, 0.5623536299765808, 0.564695550351288, 0.5728922716627635, 0.577576112412178, 0.5831381733021077, 0.5878220140515222, 0.5904566744730679, 0.5875292740046838, 0.5980679156908665, 0.6007025761124122, 0.6097775175644028, 0.6118266978922716, 0.6115339578454333, 0.6144613583138173, 0.6235362997658079, 0.6191451990632318, 0.6270491803278688, 0.6247072599531616, 0.6302693208430913, 0.6302693208430913, 0.6261709601873536, 0.634367681498829, 0.6337822014051522, 0.6399297423887588, 0.640807962529274, 0.6396370023419203, 0.6399297423887588, 0.6387587822014051, 0.6355386416861827, 0.6446135831381733, 0.6481264637002342, 0.6507611241217799, 0.6463700234192038, 0.6446135831381733, 0.6531030444964872, 0.6542740046838408, 0.6510538641686182]
3.val_acc_epoch = [0.3599999996026357, 0.4499999992052714, 0.49666666746139526, 0.37333333253860473, 0.49333333253860473, 0.5200000007947286, 0.5500000007947285, 0.4999999992052714, 0.5400000007947287, 0.563333334128062, 0.43333333253860473, 0.5700000007947286, 0.563333334128062, 0.5299999992052714, 0.563333334128062, 0.5233333325386047, 0.38666666666666666, 0.5766666674613953, 0.5500000007947285, 0.5266666658719381, 0.586666665871938, 0.5066666658719381, 0.5766666674613953, 0.5733333325386047, 0.5900000007947286, 0.566666665871938, 0.5966666674613953, 0.6033333341280619, 0.5833333325386048, 0.5166666658719381, 0.6000000007947286, 0.5399999992052714, 0.5833333341280619, 0.573333334128062, 0.5833333341280619, 0.5866666674613953, 0.5833333341280619, 0.5966666674613953, 0.5900000007947286, 0.45666666587193805, 0.5833333341280619, 0.5900000007947286, 0.5866666674613953, 0.5933333341280619, 0.573333334128062, 0.5900000007947286, 0.5766666674613953, 0.5833333341280619, 0.5966666674613953, 0.5099999992052714]
4.loss_epoch = [1.0924669755426446, 1.069747554613779, 1.0603764995199736, 1.0539586460283266, 1.0479981622874597, 1.0424964048265015, 1.0391711856498094, 1.0345202561563853, 1.0308094203332547, 1.02686337425223, 1.0234258139998906, 1.0202649614012493, 1.015748090291749, 1.0126464660050438, 1.0106607690907194, 1.007234057162908, 1.0035834893130586, 1.0010749671163268, 0.995903300736492, 0.9929784005922233, 0.9933681289820258, 0.9870356656349236, 0.9834419285106436, 0.9781721900162708, 0.9754724792909287, 0.9729138004137705, 0.9691150259636604, 0.9627183827918363, 0.961562347077095, 0.9574563782444044, 0.9553713293209567, 0.9504460235948585, 0.9478424269644941, 0.9473016884622865, 0.9407972033185757, 0.9389748930651912, 0.9331152584290336, 0.9291987717849588, 0.9281785624926208, 0.9253519248627388, 0.9242249501114428, 0.9247682733893116, 0.9151788461403768, 0.9114878417736474, 0.9075403612726466, 0.9073684098290615, 0.907055915658312, 0.8987365377591421, 0.8942697955517914, 0.8942334523524836]
5.vall_loss_epoch = [1.0803095149993895, 1.0647290388743083, 1.0577194952964784, 1.068908553123474, 1.0484984334309895, 1.0440104365348817, 1.0454584980010986, 1.0423832488059999, 1.0348227985699971, 1.0376831412315368, 1.0515295521418253, 1.0302407876650492, 1.0260314790407816, 1.0298735197385152, 1.0212421584129334, 1.0258730514844259, 1.0912537209192912, 1.016203814347585, 1.0239113521575929, 1.0259269777933757, 1.0084937381744385, 1.028644283612569, 1.0049474875132243, 1.0041355729103087, 0.9985932819048564, 1.0015789675712585, 0.9940803011258443, 0.990454547405243, 0.9902032216389974, 1.020725320180257, 0.9824158827463786, 1.0070832093556723, 0.9845956071217855, 0.9906434305508931, 0.9849779836336772, 0.9810803135236105, 0.9782301386197408, 0.9711867809295655, 0.9753060793876648, 1.0674149934450785, 0.9686542161305746, 0.9678923106193542, 0.9667328802744547, 0.9658640233675638, 0.9691710575421651, 0.9606707374254863, 0.9601456522941589, 0.9602663707733154, 0.9534084320068359, 1.0238461756706239]
6.data_name = three
7.method = kaggleDR
8.style = FT
Figure name: 
C:\Users\Flori\Documents\GitHub\t2018_12_17_RUNEXPERIMENT_FigureLOSS&ACC01057.png
 NONE 