Floris Fok 
2018/12/31      At: 7:53:22
 
 
 The params where: 
1.Data = Blood
2.data_name = None
3.style = FT
4.model = KaggleDR
5.file_path = C:\blood-cells
6.pickle_path = C:\pickles\Blood
7.model_path = {'KaggleDR': 'C:\\models\\Epochs_50_kaggleDR.json', 'Chest': 'C:\\models\\Epochs_50_Chest.json', 'CatDog': 'C:\\models\\Epochs_40_CatDog.json'}
8.RandomSeed = 7
9.doc_path = C:\Users\Flori\Documents\GitHub\t
10.img_size_x = 224
11.img_size_y = 224
12.norm = False
13.color = True
14.pretrain = None
15.equal_data = False
16.shuffle = True
17.epochs = 50
18.val_size = 1500
19.test_size = 2000
20.Batch_size = 32 
 
 
 The results where: 
1.score = 0.8479988544326857
2.acc_epoch = [0.2623405435550762, 0.34376039929807817, 0.42573488631383355, 0.47820299499509605, 0.508596783102848, 0.5293399888412594, 0.5454242928055876, 0.5566278424450773, 0.5635052689597532, 0.5684969494888932, 0.5737104825158947, 0.5751525235057076, 0.5795895729472224, 0.5819190239086458, 0.581031614036211, 0.5823627287721344, 0.5882418191803209, 0.5990016638273936, 0.6059900165728179, 0.6139767054776252, 0.6183028286057449, 0.6258458125148293, 0.6325013866109843, 0.6417082639846019, 0.6449251247192844, 0.6475873544423764, 0.6539101497107457, 0.6571270105710508, 0.6645590682526925, 0.6601220187913426, 0.6657792568272904, 0.6691070438489211, 0.6733222406735635, 0.6762063228019528, 0.6789794786797585, 0.6805324459829664, 0.6797559622454101, 0.6915141431279005, 0.6914032168211173, 0.699500831933532, 0.7022739878311729, 0.7048252911879761, 0.7050471436560848, 0.7081530782096067, 0.7129229063003908, 0.7168053244658463, 0.7171381031217273, 0.7207986688918031, 0.7205768163509655, 0.7210205213863586]
3.val_acc_epoch = [0.292, 0.33866666674613954, 0.3633333334128062, 0.3646666664282481, 0.3526666667461395, 0.3753333331743876, 0.38599999976158145, 0.37933333309491474, 0.3806666667461395, 0.3873333338101705, 0.3860000000794729, 0.3853333334128062, 0.3746666667461395, 0.392666666507721, 0.38933333309491475, 0.41000000007947285, 0.37000000007947287, 0.4366666663487752, 0.43599999976158144, 0.4426666667461395, 0.3333333334128062, 0.44999999976158145, 0.4653333333333333, 0.4599999997615814, 0.4546666664282481, 0.4859999997615814, 0.4566666664282481, 0.48333333333333334, 0.48266666634877525, 0.48333333333333334, 0.4460000000794729, 0.49000000007947286, 0.4846666667461395, 0.5000000000794729, 0.4853333331743876, 0.49800000007947287, 0.5140000000794729, 0.524, 0.49266666650772095, 0.5146666666666667, 0.5239999996821085, 0.47800000007947285, 0.520666666507721, 0.5219999999205271, 0.5000000000794729, 0.538666666507721, 0.5020000002384186, 0.5079999998410543, 0.5346666666666666, 0.5273333334128062]
4.loss_epoch = [5.555207782021775, 5.3987696861334795, 5.231842373135483, 5.108186357786969, 5.016897147956717, 4.938961809341338, 4.863844632705714, 4.796143411889185, 4.733631694654061, 4.677763675863189, 4.621262352161122, 4.569587505306724, 4.523574180782866, 4.479617986874784, 4.434699377111772, 4.39144098098848, 4.328472865322069, 4.252955676421019, 4.190771194358567, 4.119634630252968, 4.058133934632448, 4.006013766223698, 3.920394605355202, 3.8535438931920565, 3.7854270996415345, 3.7386614826475326, 3.6803231212607503, 3.632299234387085, 3.57329801722361, 3.5585766266533487, 3.5169061418248755, 3.464465440304757, 3.403608417775455, 3.3618573259923834, 3.316320447160083, 3.295405498241228, 3.279518431130873, 3.167328075402588, 3.142907535243021, 3.061522775111566, 3.015498708475317, 2.976033911173435, 2.9405101721378015, 2.900307861725886, 2.833924976482169, 2.783404263191202, 2.758836726830261, 2.688480686678598, 2.666871860618401, 2.639889157327492]
5.vall_loss_epoch = [1.3765338662465414, 1.3581680320103964, 1.3437194385528564, 1.340811009089152, 1.3377018518447876, 1.325113553682963, 1.3187519810994466, 1.3145088965098064, 1.3114124603271484, 1.3059429378509522, 1.2949558375676473, 1.2959652013778686, 1.3026223249435425, 1.290420444170634, 1.285591895421346, 1.2764079052607218, 1.3025895350774128, 1.2389933446248373, 1.226732881228129, 1.2317363850275675, 1.4327201388676962, 1.2175848480860392, 1.2032709894180298, 1.1966738265355428, 1.2120113932291667, 1.1887781585057577, 1.223694533030192, 1.1861961619059245, 1.1956723124186197, 1.198907928466797, 1.2456840852101645, 1.1811554339726766, 1.1809742835362753, 1.1748739264806112, 1.2390391645431518, 1.1811415141423542, 1.157338547070821, 1.1343342819213866, 1.1829648631413778, 1.1479964040120443, 1.150495338757833, 1.1974100332260131, 1.1381625967025757, 1.1310342931747437, 1.1870437313715616, 1.0969701013565063, 1.186257321357727, 1.1915518436431884, 1.1177843844095865, 1.2273647492726645]
Figure name: 
C:\Users\Flori\Documents\GitHub\figs\2018_12_31_RUNEXPERIMENT_FigureLOSS&ACC0753.png
 NONE 