Floris Fok 
2018/12/29      At: 2:56:24
 
 
 The params where: 
1.Data = Chest
2.data_name = None
3.style = FT
4.model = CatDog
5.file_path = C:\chest_xray
6.pickle_path = C:\pickles\Chest_int
7.model_path = {'KaggleDR': 'C:\\models\\Epochs_50_kaggleDR.json', 'Chest': 'C:\\models\\Epochs_50_Chest.json', 'CatDog': 'C:\\models\\Epochs_40_CatDog.json'}
8.RandomSeed = 2
9.doc_path = C:\Users\Flori\Documents\GitHub\t
10.img_size_x = 224
11.img_size_y = 224
12.norm = False
13.color = True
14.pretrain = None
15.equal_data = False
16.shuffle = True
17.epochs = 50
18.val_size = 600
19.test_size = 900
20.Batch_size = 32 
 
 
 The results where: 
1.score = 0.9649053118829993
2.acc_epoch = [0.7272727272727273, 0.7272727272727273, 0.7272727272727273, 0.7272727272727273, 0.7272727272727273, 0.7272727272727273, 0.7272727272727273, 0.7272727272727273, 0.7272727272727273, 0.7272727272727273, 0.7272727272727273, 0.7272727272727273, 0.7587235996326905, 0.9816345270890725, 0.9896694214876033, 0.9784205693296603, 0.9843893480257117, 0.9733700642791552, 0.9908172635445363, 0.9933425160697889, 0.9940312213039486, 0.9933425160697889, 0.9947199265381084, 0.9949494949494949, 0.9892102846648301, 0.9857667584940312, 0.9910468319559229, 0.9949494949494949, 0.9435261707988981, 0.9405417814508723, 0.9733700642791552, 0.9763544536271809, 0.9866850321395776, 0.9866850321395776, 0.9944903581267218, 0.9931129476584022, 0.9848484848484849, 0.9956382001836547, 0.9889807162534435, 0.9827823691460055, 0.9752066115702479, 0.9912764003673095, 0.2727272727272727, 0.2727272727272727, 0.2727272727272727, 0.2727272727272727, 0.46854912764003676, 0.7272727272727273, 0.7272727272727273, 0.7272727272727273]
3.val_acc_epoch = [0.7533333325386047, 0.7533333325386047, 0.7533333325386047, 0.7533333325386047, 0.7533333325386047, 0.7533333325386047, 0.7533333325386047, 0.7533333325386047, 0.7533333325386047, 0.7533333325386047, 0.7533333325386047, 0.7533333325386047, 0.955, 0.9716666666666667, 0.97, 0.9683333333333334, 0.9733333333333334, 0.97, 0.9733333333333334, 0.9716666666666667, 0.9716666666666667, 0.9783333333333334, 0.975, 0.975, 0.9733333333333334, 0.9716666666666667, 0.975, 0.9716666666666667, 0.918333334128062, 0.9333333325386047, 0.97, 0.97, 0.97, 0.9716666666666667, 0.9683333333333334, 0.9683333333333334, 0.975, 0.9666666666666667, 0.955, 0.965, 0.97, 0.24666666626930236, 0.24666666626930236, 0.24666666626930236, 0.24666666626930236, 0.24666666626930236, 0.7533333325386047, 0.7533333325386047, 0.7533333325386047, 0.7533333325386047]
4.loss_epoch = [1.3675626977197175, 1.3033051241746838, 1.265157615842898, 1.2322041707043259, 1.2011360121605263, 1.1680020373879056, 1.1472104780163865, 1.1144610077443748, 1.0884531529481747, 1.0630844995666797, 1.0377170059853895, 1.0126678485789355, 0.9914964933369114, 0.969193001205052, 0.9452125814882739, 0.9351248131967445, 0.9105457939939613, 0.8987332738463872, 0.86447138891404, 0.8404276979637321, 0.8194860181642082, 0.8023427787234304, 0.7794707023134135, 0.7601130192601648, 0.7521865210257286, 0.7387238612844924, 0.7148642402049924, 0.6885369353276858, 0.7589304287352618, 0.7386931871689165, 0.6820211365914761, 0.6618330705264384, 0.6254847490590466, 0.610307423755376, 0.5821178593801949, 0.5684929979405784, 0.568215859604057, 0.5358343598380672, 0.5347203055141824, 0.5349073707236403, 0.5407336153384192, 0.497005520335461, 1.643973558183325, 1.602968501869531, 1.5687636286978113, 1.5403895986747917, 1.745965720755557, 2.001496331860321, 1.8937079098051683, 1.804114356951718]
5.vall_loss_epoch = [0.5367929156621297, 0.470952851374944, 0.46376489837964374, 0.4549128230412801, 0.44925645073254905, 0.4396051565806071, 0.4474381371339162, 0.42683199445406594, 0.41979085564613344, 0.4162673556804657, 0.40637065887451174, 0.39961092472076415, 0.39418541272481283, 0.3859743515650431, 0.38006226897239687, 0.3756903437773387, 0.36995630780855815, 0.3606535863876343, 0.3548051965236664, 0.34836079716682433, 0.34177914579709373, 0.3325901798407237, 0.3276719331741333, 0.3212776756286621, 0.31760515332221984, 0.31515538493792217, 0.3060035296281179, 0.30092844923337303, 0.34380465507507324, 0.3285361158847809, 0.29412965695063276, 0.28376933296521506, 0.2803927958011627, 0.2724301234881083, 0.27170015752315524, 0.26842825949192045, 0.2557059592008591, 0.26572293440500894, 0.2703866998354594, 0.2527783892552058, 0.24225699345270793, 1.1078351465861003, 1.0615958897272746, 1.0215077916781108, 0.9868409021695455, 0.9564764666557312, 0.5904501175880432, 0.5757629934946696, 0.5661791515350342, 0.5607030852635702]
Figure name: 
C:\Users\Flori\Documents\GitHub\figs\2018_12_29_RUNEXPERIMENT_FigureLOSS&ACC0256.png
 NONE 