Floris Fok 
2018/12/13      At: 13:50:47
 
 
 The params where: 
1.Data = ISIC
2.RandomSeed = 2
3.img_size_x = 224
4.img_size_y = 224
5.norm = False
6.color = True
7.pretrain = None
8.equal_data = False
9.shuffle = True
10.epochs = 50
11.val_size = 300
12.test_size = 400
13.Batch_size = 16 
 
 
 The results where: 
1.score = 0.9292297840601831
2.acc_epoch = [0.5185909979264097, 0.5366927591788558, 0.5856164382978428, 0.6179060664195604, 0.6418786693342511, 0.6741682974559687, 0.6790606653620352, 0.6996086105675147, 0.7250489235624176, 0.7377690801181905, 0.7563600781612434, 0.771526418903336, 0.7827788649706457, 0.7920743638755291, 0.7994129157346289, 0.8038160470833751, 0.8077299414082283, 0.8106653621518682, 0.8189823874755382, 0.8228962816837483, 0.8272994129158513, 0.8268101760086015, 0.8307240703334547, 0.8312133072407045, 0.8321917808219178, 0.8272994127992082, 0.8331702544031311, 0.8331702545197742, 0.8444227005870841, 0.8502935421910072, 0.8468688845401174, 0.8571428571428571, 0.8483365950285805, 0.8507827789816138, 0.8635029355373868, 0.8674168296289537, 0.8669275930716334, 0.8747553814880535, 0.8816046966731899, 0.8855185911146862, 0.8864970644626132, 0.894324853345606, 0.8943248532289628, 0.9050880625056661, 0.9045988257150595, 0.9104696674356255, 0.9041095889244527, 0.9148727983177991, 0.9285714285714286, 0.915362035341692]
3.val_acc_epoch = [0.5433333329359691, 0.58, 0.5866666670640309, 0.6100000003973644, 0.6566666666666666, 0.6366666666666667, 0.66, 0.683333332935969, 0.6866666666666666, 0.7266666666666667, 0.74, 0.7566666666666667, 0.7633333333333333, 0.7933333333333333, 0.8066666666666666, 0.81, 0.79, 0.8133333333333334, 0.8033333333333333, 0.8066666666666666, 0.81, 0.83, 0.8333333333333334, 0.8366666666666667, 0.8433333325386048, 0.8199999996026357, 0.7899999992052714, 0.836666665871938, 0.84, 0.8433333333333334, 0.8333333325386048, 0.8466666666666667, 0.7733333325386047, 0.84, 0.8466666658719381, 0.8599999992052714, 0.8599999992052714, 0.85, 0.8333333325386048, 0.8466666666666667, 0.8233333325386047, 0.8566666666666667, 0.8433333333333334, 0.8266666674613953, 0.86, 0.8533333333333334, 0.8633333325386048, 0.8633333325386048, 0.8433333333333334, 0.8533333325386048]
4.loss_epoch = [0.6930267936796125, 0.692839406124533, 0.6926285665329188, 0.6923442478282578, 0.6916580609612736, 0.6901009909794056, 0.688237868643087, 0.6864632772839466, 0.6845721014558452, 0.6824807030114176, 0.6802202240361627, 0.6779140666739581, 0.6752273962922293, 0.6722486281581588, 0.6690520723505263, 0.6653887015966053, 0.6615950210920285, 0.6578817490029009, 0.6535390515150156, 0.6493702435213525, 0.6451039586048537, 0.6409537373456936, 0.6367997144532996, 0.6318006309044572, 0.627561857205781, 0.6237053663529996, 0.6190344295856304, 0.6143897594537754, 0.608046093099038, 0.6012382464166257, 0.5981052809498781, 0.5894128343130511, 0.5861903747467145, 0.5792184180476194, 0.5696249359274563, 0.5620061002832103, 0.5556978260234378, 0.5460969518775343, 0.5367328547918166, 0.5278661459859336, 0.5207616207417677, 0.5081850346870385, 0.49902494388783747, 0.4844662453796999, 0.47771285529705876, 0.4639881984011768, 0.4573812794428749, 0.44174770984630995, 0.42138452405099064, 0.41920770958445075]
5.vall_loss_epoch = [0.6927060723304749, 0.6925494949022929, 0.6923869268099467, 0.6920413136482239, 0.6910834844907124, 0.6894129594167073, 0.6882786774635314, 0.6869089571634929, 0.685377238591512, 0.6835751883188883, 0.6811319502194723, 0.6787679521242778, 0.6760862851142884, 0.6724200876553853, 0.6688862101236979, 0.6642672006289164, 0.663229337533315, 0.6564230561256409, 0.6549201846122742, 0.6510363189379375, 0.6468806910514832, 0.6399451073010762, 0.6351424090067546, 0.6297354690233866, 0.6254241752624512, 0.6275430329640707, 0.6288525319099426, 0.6133266727129618, 0.6065308435757955, 0.6012389469146728, 0.5992286809285482, 0.5894171182314555, 0.6099386366208395, 0.5825244450569153, 0.5738271776835123, 0.5674983779589335, 0.5572739736239115, 0.5542610462506612, 0.5541072336832682, 0.5434968765576681, 0.5505578962961832, 0.5262101133664449, 0.5226557834943135, 0.5270524088541667, 0.5028570024172465, 0.49440290451049806, 0.48311853965123497, 0.4757804703712463, 0.4745621943473816, 0.46754836241404213]
6.data_name = two
7.method = imagenet
8.style = FT
Figure name: 
C:\Users\Flori\Documents\GitHub\t2018_12_13_RUNEXPERIMENT_FigureACC01350.png
C:\Users\Flori\Documents\GitHub\t2018_12_13_RUNEXPERIMENT_FigureLOSS&ACC01350.png