Floris Fok 
2018/12/17      At: 14:47:55
 
 
 The params where: 
1.Data = ISIC
2.data_name = two_combined
3.style = FT
4.model = kaggleDR
5.file_path = C:\ISIC
6.pickle_path = C:\pickles\save_melanoom_color_
7.model_path = C:\models\Epochs_50_Chest.json
8.RandomSeed = 5
9.doc_path = C:\Users\Flori\Documents\GitHub\t
10.img_size_x = 224
11.img_size_y = 224
12.norm = False
13.color = True
14.pretrain = None
15.equal_data = False
16.shuffle = True
17.epochs = 50
18.val_size = 300
19.test_size = 400
20.Batch_size = 16 
 
 
 The results where: 
1.score = 0.75856875
2.acc_epoch = [0.5768101761544054, 0.6159491193737769, 0.645303326693533, 0.6560665363201656, 0.6741682974559687, 0.6780821918974651, 0.694716242544805, 0.6952054793354117, 0.7045009784735812, 0.7103718200775042, 0.7186888455178173, 0.7294520549111637, 0.7348336596078369, 0.7333659491193738, 0.7397260273972602, 0.7504892369072498, 0.7436399218387566, 0.7607632092767033, 0.761252446183953, 0.7656555771827698, 0.7720156556939426, 0.7778864970645792, 0.7847358122497156, 0.7930528375733855, 0.7930528375733855, 0.7876712329933555, 0.7989236790606654, 0.8013698628970555, 0.812133072407045, 0.8062622310364083, 0.8170254401964684, 0.8238747553816047, 0.8175146772203613, 0.816536203639148, 0.8224070450097848, 0.829256360194921, 0.8429549900986211, 0.8370841487279843, 0.8365949120540208, 0.8483365947952942, 0.8590998044219269, 0.8331702544031311, 0.8664383560477404, 0.8522504892367906, 0.8561643834450007, 0.857142857026214, 0.8664383560477404, 0.8840508805095799, 0.8791585126035134, 0.8683953033268101]
3.val_acc_epoch = [0.5900000007947286, 0.5799999996026357, 0.6133333341280619, 0.6366666658719381, 0.5966666658719381, 0.64, 0.6333333341280619, 0.62, 0.6833333333333333, 0.676666665871938, 0.6933333333333334, 0.7, 0.686666665871938, 0.663333334128062, 0.6999999992052715, 0.68, 0.6966666666666667, 0.6866666666666666, 0.7133333333333334, 0.7133333325386048, 0.71, 0.73, 0.7166666658719381, 0.676666665871938, 0.7166666666666667, 0.706666665871938, 0.68, 0.706666665871938, 0.7233333325386048, 0.686666665871938, 0.7300000007947286, 0.7099999992052713, 0.7233333325386048, 0.696666665871938, 0.7233333333333334, 0.72, 0.706666665871938, 0.71, 0.6699999992052714, 0.7166666658719381, 0.72, 0.72, 0.7266666658719381, 0.7033333325386047, 0.5866666662693024, 0.7099999992052713, 0.7266666658719381, 0.69, 0.7266666666666667, 0.7166666666666667]
4.loss_epoch = [0.6828968781547771, 0.6643469386138094, 0.6579600039526907, 0.6537434109969615, 0.649737187211061, 0.6453137176144147, 0.6415718842859137, 0.6375857463321574, 0.6345393209774667, 0.6316292607854257, 0.6286412466995404, 0.6267162683891924, 0.6222111303978937, 0.6195739579993917, 0.618080919619409, 0.6145356424634004, 0.6135640502442585, 0.6075434451467137, 0.6061357547858923, 0.602865597856488, 0.6022419050015115, 0.5995054173842802, 0.5948625143960031, 0.5913912490622638, 0.5908206707694059, 0.589500271294215, 0.5863223831714249, 0.58332262627066, 0.5785395164779021, 0.5801712075091622, 0.5736377958915472, 0.5700735743731669, 0.5712819743296405, 0.5683014381188469, 0.567233276460502, 0.5625823289447568, 0.5523872086796509, 0.5561193441224891, 0.5540444931405398, 0.5482566608608119, 0.5404085291808365, 0.5528941892247844, 0.533388016741803, 0.5410852253203756, 0.5392142445607194, 0.5360151810422102, 0.5289827950313366, 0.5181806396598219, 0.5180615907545892, 0.5216310241800931]
5.vall_loss_epoch = [0.6714124878247579, 0.6737856809298197, 0.6616934545834859, 0.6620813687642415, 0.6617697493235271, 0.654880071481069, 0.6548021403948466, 0.6535637307167054, 0.6452750253677368, 0.6490390197436015, 0.642235951423645, 0.6386501439412435, 0.6381966145833333, 0.6437370260556539, 0.6298360141118368, 0.631203871568044, 0.6281826615333557, 0.6286439251899719, 0.6250300590197245, 0.6199785455067952, 0.6205803243319193, 0.6201278098424275, 0.6190445613861084, 0.638818396727244, 0.6166474628448486, 0.6231735563278198, 0.6281986411412557, 0.6177520179748535, 0.6163153306643168, 0.6266998791694641, 0.6117841259638468, 0.6146525923411051, 0.6118167932828268, 0.6253054404258728, 0.6071842281023662, 0.6115220268567403, 0.6197091062863668, 0.6083657018343608, 0.625409464041392, 0.6174032203356425, 0.6095659724871317, 0.6081955504417419, 0.6049894984563192, 0.6249468890825908, 0.6624628392855326, 0.6089680933952332, 0.6110977951685588, 0.6176852027575175, 0.6054414176940918, 0.6044131970405578]
6.data_name = two_combined
7.method = kaggleDR
8.style = FT
Figure name: 
C:\Users\Flori\Documents\GitHub\t2018_12_17_RUNEXPERIMENT_FigureLOSS&ACC01447.png
 NONE 