Floris Fok 
2018/12/13      At: 19:26:44
 
 
 The params where: 
1.Data = ISIC
2.RandomSeed = 5
3.img_size_x = 224
4.img_size_y = 224
5.norm = False
6.color = True
7.pretrain = None
8.equal_data = False
9.shuffle = True
10.epochs = 50
11.val_size = 300
12.test_size = 400
13.Batch_size = 16 
 
 
 The results where: 
1.score = 0.9251896690614595
2.acc_epoch = [0.5166340508806262, 0.5533268100594821, 0.6227984345589131, 0.670743639805079, 0.728473581096664, 0.7455968688845401, 0.7607632095099895, 0.783757338435216, 0.7945205480618486, 0.8023483365949119, 0.8043052836406954, 0.816536203639148, 0.8214285713119283, 0.8307240704500979, 0.829256360194921, 0.8395303325643745, 0.8395303327976608, 0.841487279726801, 0.8434442268892277, 0.8546966731898239, 0.8493150686097938, 0.857632094050107, 0.8542074365158604, 0.8654598826998134, 0.8625244617228872, 0.8561643835616438, 0.8713307241870932, 0.8615459883749602, 0.8625244617228872, 0.8688845401174168, 0.844422700470441, 0.8679060665362035, 0.8762230919765166, 0.8791585127201565, 0.8718199608610567, 0.8923679061831793, 0.8894324854395395, 0.892367905949893, 0.899706457925636, 0.8889432486489328, 0.8977495108798526, 0.9104696674356255, 0.9192759295499021, 0.9148727985510854, 0.9055772994129159, 0.9266144814090019, 0.9236790607820051, 0.9231898238747553, 0.9437377689635917, 0.9456947162426614]
3.val_acc_epoch = [0.566666665871938, 0.6099999992052714, 0.6833333333333333, 0.7266666666666667, 0.7366666666666667, 0.7566666674613952, 0.7366666658719381, 0.7933333333333333, 0.7733333341280619, 0.7266666674613953, 0.7866666658719381, 0.8066666666666666, 0.8033333333333333, 0.8, 0.81, 0.8166666666666667, 0.83, 0.7999999992052714, 0.83, 0.8333333333333334, 0.8433333333333334, 0.8466666658719381, 0.8333333333333334, 0.826666665871938, 0.8466666666666667, 0.8400000007947286, 0.8500000007947286, 0.8633333341280619, 0.8533333325386048, 0.7999999992052714, 0.8466666666666667, 0.8400000007947286, 0.8500000007947286, 0.8600000007947286, 0.8599999992052714, 0.8533333325386048, 0.8766666658719381, 0.8599999992052714, 0.8666666674613953, 0.78, 0.8666666658719381, 0.8199999992052714, 0.8800000007947286, 0.8666666666666667, 0.8666666674613953, 0.8766666674613952, 0.8799999992052714, 0.8700000007947286, 0.8666666674613953, 0.8733333341280619]
4.loss_epoch = [0.6928361036072972, 0.6924442707209204, 0.6912880080320131, 0.6889721370956435, 0.6855824592062172, 0.6820458264733481, 0.6785434819247624, 0.6741343141768543, 0.6699711823883355, 0.6657592171325609, 0.6620312656208494, 0.657889208098447, 0.6541140747863485, 0.6490016068731036, 0.6462893830120213, 0.6407608232386192, 0.6366342876522042, 0.6328892159601947, 0.6281651336619533, 0.622299978644414, 0.6192061034433995, 0.6121003631276394, 0.608755892386875, 0.6006606811413326, 0.5960897723989244, 0.5924892181752945, 0.5832258573716868, 0.5806182178499181, 0.5739589380191497, 0.5664577849223889, 0.5718954322156141, 0.5551840730609259, 0.5448157800736959, 0.5366944144033405, 0.5321555191290122, 0.5164103402433563, 0.5092805658417905, 0.49826288444888567, 0.4864302826954194, 0.48440213486873007, 0.4692714093016085, 0.45388490842279855, 0.43746079303280483, 0.4304201383063471, 0.42468912599138087, 0.40144384578016173, 0.39246075604759784, 0.38264691380605304, 0.3541786667768736, 0.34172859344697043]
5.vall_loss_epoch = [0.6923778367042541, 0.6916025606791179, 0.6896994400024414, 0.6864762377738952, 0.683351407845815, 0.6795422943433126, 0.6783690071105957, 0.6721577676137288, 0.6697649232546489, 0.6710500113169352, 0.6629922779401144, 0.6568489416440328, 0.6539558188120524, 0.6505332414309184, 0.6465995184580485, 0.6421995043754578, 0.6373877437909444, 0.6379990267753601, 0.6286720776557922, 0.6222641897201538, 0.6175630720456441, 0.6133852887153626, 0.6105338867505391, 0.6080435792605082, 0.5967264294624328, 0.5948651703198751, 0.5857974696159363, 0.5771207539240519, 0.5750491102536519, 0.5866220466295878, 0.5648201251029968, 0.5635962637265524, 0.5536662856737773, 0.5404337779680888, 0.5334242081642151, 0.5282865007718404, 0.5109330662091573, 0.5153635931015015, 0.49767311731974284, 0.5464854876200358, 0.4885897382100423, 0.5110837666193644, 0.4598168977101644, 0.4645922573407491, 0.4543376306692759, 0.43806724349657694, 0.43349982420603433, 0.42892629027366636, 0.42121678709983823, 0.4102756909529368]
6.data_name = two
7.method = imagenet
8.style = FT
Figure name: 
C:\Users\Flori\Documents\GitHub\t2018_12_13_RUNEXPERIMENT_FigureACC01926.png
C:\Users\Flori\Documents\GitHub\t2018_12_13_RUNEXPERIMENT_FigureLOSS&ACC01926.png