Floris Fok 
2018/12/30      At: 23:54:21
 
 
 The params where: 
1.Data = Blood
2.data_name = None
3.style = FT
4.model = Chest
5.file_path = C:\blood-cells
6.pickle_path = C:\pickles\Blood
7.model_path = {'KaggleDR': 'C:\\models\\Epochs_50_kaggleDR.json', 'Chest': 'C:\\models\\Epochs_50_Chest.json', 'CatDog': 'C:\\models\\Epochs_40_CatDog.json'}
8.RandomSeed = 7
9.doc_path = C:\Users\Flori\Documents\GitHub\t
10.img_size_x = 224
11.img_size_y = 224
12.norm = False
13.color = True
14.pretrain = None
15.equal_data = False
16.shuffle = True
17.epochs = 50
18.val_size = 1500
19.test_size = 2000
20.Batch_size = 32 
 
 
 The results where: 
1.score = 0.8835097684256412
2.acc_epoch = [0.27443150301741287, 0.34364947306402377, 0.3774819744803545, 0.41297836937113597, 0.4459234609117259, 0.4542429284393556, 0.46189683861555286, 0.46688851912155194, 0.4731003882087606, 0.47387687189672895, 0.47554076535795636, 0.47931225733894545, 0.4790904049402598, 0.48197448695624995, 0.4847476427811619, 0.48707709374919705, 0.4897393233631957, 0.49140321692029304, 0.4941763727286757, 0.4943982251934786, 0.4973932334864992, 0.4970604548140889, 0.49950083191039096, 0.4992789794918701, 0.4996117581444453, 0.49950083195997885, 0.5011647254179004, 0.5023849140916741, 0.5012756516784016, 0.5017193565881721, 0.49927897953815215, 0.500499168020186, 0.5009428729233448, 0.50327232389138, 0.5019412090827278, 0.5033832501022933, 0.5018302827957797, 0.5011647254906293, 0.5032723238946859, 0.4995008319632847, 0.5006100942773813, 0.5013865778860092, 0.5007210205345768, 0.5013865779389028, 0.5017193565617253, 0.49717138104483743, 0.5014975041729572, 0.49883527450606485, 0.5013865779389028, 0.49994453684330253]
3.val_acc_epoch = [0.3333333334128062, 0.27333333357175194, 0.41266666642824806, 0.43333333333333335, 0.4286666667461395, 0.454, 0.4633333333333333, 0.4713333333333333, 0.44999999976158145, 0.468, 0.47733333309491477, 0.47933333333333333, 0.48, 0.474, 0.4666666666666667, 0.482, 0.4733333330154419, 0.4699999997615814, 0.49, 0.49, 0.48, 0.49266666666666664, 0.48733333333333334, 0.48399999968210855, 0.49333333333333335, 0.49599999968210856, 0.4846666666666667, 0.49333333333333335, 0.49866666666666665, 0.49, 0.4886666664282481, 0.47199999968210854, 0.49866666666666665, 0.49733333333333335, 0.49933333333333335, 0.4986666663487752, 0.5006666663487752, 0.4873333330949148, 0.5006666666666667, 0.49933333333333335, 0.498, 0.49933333333333335, 0.49866666666666665, 0.49933333333333335, 0.5, 0.49933333333333335, 0.49933333333333335, 0.5, 0.49933333333333335, 0.49933333333333335]
4.loss_epoch = [5.572896274168889, 5.4440025900313405, 5.3511121391258305, 5.237732947514048, 5.115042665040433, 5.0465427836112955, 4.981361121306205, 4.920892487640719, 4.8603060557322575, 4.820259004636268, 4.772583235149838, 4.717936907274751, 4.690263035214086, 4.632812542262107, 4.590595713312337, 4.541833565807713, 4.499778778554331, 4.452806360855145, 4.412223269948679, 4.372232488070471, 4.321956195291783, 4.2962884094737595, 4.247017093241644, 4.225386010020293, 4.18220729674489, 4.15780747974838, 4.126683572313221, 4.084703942292013, 4.047285966534649, 4.026169074540395, 4.028306368226418, 3.996188301862906, 3.971695850005232, 3.9401945575104773, 3.9115346434376863, 3.8813228093050482, 3.8586006574741814, 3.860042002858285, 3.8221380465968213, 3.798709072011481, 3.7834598912573894, 3.766276165094233, 3.752086133475576, 3.739474475403594, 3.724997837465469, 3.711058101981994, 3.6995007939425957, 3.688537379152168, 3.67809932897042, 3.6681360213543663]
5.vall_loss_epoch = [1.3694225549697876, 1.393484073003133, 1.3202351687749228, 1.294128441174825, 1.283494468053182, 1.2567206796010335, 1.238107734044393, 1.2248093229929606, 1.2408639074961345, 1.205672148068746, 1.1905633217493694, 1.1775085779825847, 1.1700205078125, 1.164891789118449, 1.1761434834798177, 1.1395408271153769, 1.158868353843689, 1.143869397799174, 1.1111873480478922, 1.1003566281000774, 1.1105645939509075, 1.084126594543457, 1.0865902446111044, 1.1611984815597534, 1.0641645256678263, 1.0551458470026651, 1.0648642466862996, 1.0408419637680053, 1.0334573612213134, 1.0355882008870443, 1.0959834299087525, 1.0650538994471233, 1.0104601945877074, 1.0083694756825765, 0.9972331444422404, 0.993335439046224, 0.9871081825892131, 1.0078793827692667, 0.9781129166285197, 0.9801799964904785, 0.9728738037745158, 0.9684592316945394, 0.965076958656311, 0.961241114616394, 0.9597653233210246, 0.9569559949239095, 0.9545978606541952, 0.9522674174308777, 0.9501729644139608, 0.9479995818138123]
Figure name: 
C:\Users\Flori\Documents\GitHub\figs\2018_12_30_RUNEXPERIMENT_FigureLOSS&ACC02354.png
 NONE 