Floris Fok 
2018/12/28      At: 22:53:18
 
 
 The params where: 
1.Data = Blood
2.data_name = None
3.style = FT
4.model = KaggleDR
5.file_path = C:\blood-cells
6.pickle_path = C:\pickles\Blood
7.model_path = {'KaggleDR': 'C:\\models\\Epochs_50_kaggleDR.json', 'Chest': 'C:\\models\\Epochs_50_Chest.json', 'CatDog': 'C:\\models\\Epochs_40_CatDog.json'}
8.RandomSeed = 7
9.doc_path = C:\Users\Flori\Documents\GitHub\t
10.img_size_x = 224
11.img_size_y = 224
12.norm = False
13.color = True
14.pretrain = None
15.equal_data = False
16.shuffle = True
17.epochs = 50
18.val_size = 1500
19.test_size = 2000
20.Batch_size = 32 
 
 
 The results where: 
1.score = 0.8063943282639935
2.acc_epoch = [0.26311702715874513, 0.32257348864328445, 0.3891292290494499, 0.44559068216328085, 0.47310038825504264, 0.485745978937239, 0.49229062674644586, 0.49428729893297735, 0.49938990567303077, 0.4981697171017387, 0.5002773156446414, 0.5012756517511305, 0.5009428730489675, 0.4991680532082279, 0.49983361063569504, 0.5014975041729572, 0.49894620073681334, 0.49339988909029525, 0.49761508595460796, 0.4957293399789898, 0.4975041596941067, 0.49728230719955113, 0.49706045476119515, 0.4963948973800101, 0.4975041596676599, 0.49883527455565274, 0.49706045481078304, 0.4985024958072076, 0.49772601213576856, 0.4976150859017142, 0.49750415974700046, 0.4968386022633337, 0.4929561841011841, 0.49550748750757523, 0.4965058235876175, 0.4960621187042939, 0.4962839711724026, 0.49628397117570844, 0.4957293399789898, 0.4962839711724026, 0.4956184137184886, 0.4958402662097383, 0.4955074875108811, 0.4965058235909234, 0.5104825291313598, 0.5042706600243161, 0.5092623405071741, 0.5140321686210992, 0.5247920133276773, 0.5283416527347702]
3.val_acc_epoch = [0.27133333357175193, 0.31466666658719383, 0.3746666668256124, 0.39866666682561236, 0.4113333334922791, 0.4193333331743876, 0.40733333317438764, 0.4326666668256124, 0.4246666665871938, 0.43133333349227904, 0.43200000015894574, 0.4339999998410543, 0.43600000015894574, 0.4353333331743876, 0.39466666674613954, 0.41, 0.2626666669050852, 0.4406666667461395, 0.4366666667461395, 0.43600000007947287, 0.42266666650772095, 0.40866666650772093, 0.4366666668256124, 0.43133333349227904, 0.42333333349227903, 0.4246666665871938, 0.43733333341280617, 0.4346666668256124, 0.43866666650772096, 0.45066666650772097, 0.4413333334128062, 0.4319999998410543, 0.4146666667461395, 0.40800000007947285, 0.4473333334128062, 0.43933333341280617, 0.4433333334128062, 0.4440000000794729, 0.43600000007947287, 0.4400000000794729, 0.4440000000794729, 0.4179999998410543, 0.4453333334128062, 0.4440000000794729, 0.434, 0.4186666666666667, 0.42066666650772094, 0.432, 0.43933333309491474, 0.4346666664282481]
4.loss_epoch = [5.548644901366612, 5.427559304039014, 5.274659019857397, 5.149688458508805, 5.0579382463752465, 4.991819777623587, 4.930938562074768, 4.87584857533392, 4.829963414218118, 4.778119808848673, 4.729905971605382, 4.685510861126502, 4.64441801553558, 4.597517602786182, 4.5602121168550225, 4.514425207361273, 4.485319990749433, 4.51469183523524, 4.4394791887656755, 4.396194927915889, 4.344559044660758, 4.297892616989212, 4.2584207679718915, 4.236626723866561, 4.208522322121026, 4.163007137501696, 4.1358427416927865, 4.10912658185742, 4.079897175189593, 4.056302617274584, 4.029774991499339, 4.010576293869145, 4.033348824008597, 3.9922859945630473, 3.931792630001498, 3.908534919666834, 3.886510318025112, 3.8671712969517085, 3.8526398029316815, 3.830914349854819, 3.814293330335908, 3.798571481244536, 3.783455122541998, 3.7684982627745938, 3.7543036632252216, 3.848103164793449, 3.8572610939997007, 3.8064801157148955, 3.723359873819801, 3.698481341460911]
5.vall_loss_epoch = [1.379639619509379, 1.359938512802124, 1.3272869628270467, 1.3070028225580852, 1.2955970961252847, 1.2861861276626587, 1.2799141232172648, 1.2646443128585816, 1.2617108481725057, 1.250068946838379, 1.240441967646281, 1.2346736323038736, 1.231718336423238, 1.221786899248759, 1.2537961664199828, 1.2359377133051554, 1.4655800450642904, 1.1973864850997924, 1.2034309902191163, 1.1964743827184041, 1.1981986042658488, 1.2122213064829508, 1.1732544914881389, 1.181959983507792, 1.1865561440785726, 1.18110080909729, 1.1718418935139974, 1.1642308797836303, 1.1590973250071208, 1.1453535963694255, 1.1451315495173136, 1.1603855641682943, 1.1929418490727743, 1.191785075823466, 1.1369924885431926, 1.1398560463587444, 1.1343191626866658, 1.1353520104090373, 1.1467027257283529, 1.135061406135559, 1.1361573254267374, 1.1724732309977213, 1.1327910668055217, 1.138218373298645, 1.1294739974339802, 1.1650205357869465, 1.1380747477213542, 1.118383640607198, 1.0989636529286702, 1.1190660559336345]
Figure name: 
C:\Users\Flori\Documents\GitHub\figs\2018_12_28_RUNEXPERIMENT_FigureLOSS&ACC02253.png
 NONE 