Floris Fok 
2018/12/15      At: 0:53:7
 
 
 The params where: 
1.Data = ISIC
2.RandomSeed = 5
3.img_size_x = 224
4.img_size_y = 224
5.norm = False
6.color = True
7.pretrain = None
8.equal_data = False
9.shuffle = True
10.epochs = 50
11.val_size = 300
12.test_size = 400
13.Batch_size = 16 
 
 
 The results where: 
1.score = 0.82435625
2.acc_epoch = [0.6159491192571338, 0.6741682975726119, 0.7093933462630047, 0.732876712212124, 0.7548923680227096, 0.7700587082982296, 0.7901174167131024, 0.8091976516634051, 0.8189823874755382, 0.8228962816837483, 0.8434442270058709, 0.8551859098637874, 0.8527397260273972, 0.8635029355373868, 0.8635029354207436, 0.8840508805095799, 0.8840508806262231, 0.8904109589041096, 0.8894324854395395, 0.8943248531123197, 0.9085127200399127, 0.8992172211350293, 0.9173189825041187, 0.918297456085332, 0.9099804306450189, 0.9349315069659582, 0.9437377690802349, 0.9417808219178082, 0.9549902152641878, 0.928082191780822, 0.9368884540117417, 0.9368884541283848, 0.9334637964774951, 0.9197651664571519, 0.9545009784735812, 0.9540117416829745, 0.9363992172211351, 0.9608610567514677, 0.9584148729150775, 0.9476516635217312, 0.9716242661448141, 0.9584148729150775, 0.9789628180039139, 0.9814090019569471, 0.9818982387475538, 0.9828767123287672, 0.9833659491193738, 0.9838551859099804, 0.9838551859099804, 0.9843444228172302]
3.val_acc_epoch = [0.6566666658719381, 0.6200000007947286, 0.703333334128062, 0.72, 0.7333333341280619, 0.673333334128062, 0.7533333341280619, 0.76, 0.7366666658719381, 0.7766666666666666, 0.7566666658719381, 0.7533333325386047, 0.7733333325386047, 0.7200000007947286, 0.7799999992052714, 0.7466666666666667, 0.77, 0.6633333333333333, 0.7533333341280619, 0.7266666666666667, 0.7666666666666667, 0.7600000007947286, 0.71, 0.6833333325386047, 0.7633333325386047, 0.7766666674613952, 0.7599999992052714, 0.7666666658719381, 0.78, 0.7333333333333333, 0.7599999992052714, 0.6733333333333333, 0.7699999992052714, 0.7599999992052714, 0.7533333325386047, 0.7733333325386047, 0.7600000007947286, 0.7766666658719381, 0.6466666658719381, 0.7466666658719381, 0.7399999992052714, 0.7300000007947286, 0.7633333325386047, 0.7766666674613952, 0.7666666666666667, 0.7700000007947286, 0.7733333341280619, 0.7766666674613952, 0.7733333341280619, 0.7700000007947286]
4.loss_epoch = [0.6723830575112494, 0.6495797999217785, 0.6379455192681628, 0.6299340757605147, 0.6191006144198886, 0.6117716675401901, 0.6022195182667787, 0.5936298600148315, 0.5868532014919587, 0.5816009660522998, 0.5715603203222943, 0.562655029348198, 0.55941604634787, 0.5512116242294909, 0.546391116779611, 0.53586668452638, 0.5297918490001133, 0.5230981516861403, 0.5190045900657452, 0.5132501077512006, 0.5006384275664089, 0.5008262219144407, 0.48841027183542046, 0.4868036088061659, 0.4855657969902173, 0.4655726644740879, 0.45507618009227596, 0.45151298474192386, 0.4394480923733833, 0.4537965147929182, 0.44530913554525653, 0.4403475901501986, 0.43925470772788017, 0.4472839321408953, 0.41554462973852213, 0.413737578576325, 0.42072439444508336, 0.40068414818983955, 0.3977577327048942, 0.40398414698365614, 0.3794201017592518, 0.3862187543377251, 0.3631964630343443, 0.3568427012741216, 0.3520355105050156, 0.34711400292624234, 0.34320232073854795, 0.3386188763578344, 0.3349117688003585, 0.33085040692713863]
5.vall_loss_epoch = [0.6569505484898885, 0.6720770263671875, 0.6462470078468323, 0.6413411617279052, 0.6347932823499044, 0.6462565573056539, 0.6225130120913188, 0.6176607934633891, 0.6242037828763326, 0.6088254443804423, 0.6072860193252564, 0.6067121243476867, 0.5994188642501831, 0.6112263266245525, 0.5907125655810038, 0.5970187497138977, 0.5854579949378967, 0.6363668656349182, 0.5906269113222758, 0.6007916021347046, 0.576846379439036, 0.5843506066004435, 0.6092126488685607, 0.6094333418210347, 0.5660584274927775, 0.5572025895118713, 0.5697070948282877, 0.5676648076375326, 0.5520879300435384, 0.5842176572481791, 0.5594116346041361, 0.6215533574422201, 0.5533937430381775, 0.556519744793574, 0.5555683636665344, 0.5427922201156616, 0.5464125394821167, 0.5471225059032441, 0.6357439144452413, 0.5673989395300547, 0.5564763267834981, 0.5472368804613749, 0.5372393918037415, 0.5385925587018331, 0.5339425285657247, 0.5314151461919149, 0.5290417710940043, 0.5283293588956197, 0.5274872310956319, 0.5259936547279358]
6.data_name = two_combined
7.method = kaggleDR
8.style = FT
Figure name: 
C:\Users\Flori\Documents\GitHub\t2018_12_15_RUNEXPERIMENT_FigureACC0053.png
C:\Users\Flori\Documents\GitHub\t2018_12_15_RUNEXPERIMENT_FigureLOSS&ACC0053.png