Floris Fok 
2018/12/14      At: 5:30:29
 
 
 The params where: 
1.Data = ISIC
2.RandomSeed = 7
3.img_size_x = 224
4.img_size_y = 224
5.norm = False
6.color = True
7.pretrain = None
8.equal_data = False
9.shuffle = True
10.epochs = 50
11.val_size = 300
12.test_size = 400
13.Batch_size = 16 
 
 
 The results where: 
1.score = 0.8106043075255205
2.acc_epoch = [0.3875878220140515, 0.4610655737704918, 0.4847775175644028, 0.49677985948477754, 0.5146370023419203, 0.5134660421545667, 0.5272248243559718, 0.5336651053864169, 0.5368852459016393, 0.5485948477751756, 0.5506440281030445, 0.5500585480093677, 0.5550351288056206, 0.5661592505854801, 0.5564988290398126, 0.5644028103044496, 0.5664519906323185, 0.5761124121779859, 0.5708430913348946, 0.5693793911007026, 0.577576112412178, 0.5831381733021077, 0.5843091334894613, 0.5831381733021077, 0.5837236533957846, 0.586943793911007, 0.582552693208431, 0.5904566744730679, 0.5930913348946136, 0.6004098360655737, 0.5983606557377049, 0.5904566744730679, 0.6018735362997658, 0.6021662763466042, 0.5951405152224825, 0.6033372365339579, 0.6068501170960188, 0.6083138173302107, 0.5974824355971897, 0.6039227166276346, 0.5983606557377049, 0.6141686182669789, 0.610655737704918, 0.6083138173302107, 0.622072599531616, 0.6138758782201406, 0.6191451990632318, 0.6071428571428571, 0.622072599531616, 0.6191451990632318]
3.val_acc_epoch = [0.44333333333333336, 0.47666666587193807, 0.42333333373069765, 0.4766666666666667, 0.5066666666666667, 0.45333333293596906, 0.503333332935969, 0.45333333293596906, 0.5233333333333333, 0.5433333325386047, 0.5166666666666667, 0.5366666658719381, 0.5233333333333333, 0.48333333333333334, 0.48333333412806195, 0.5466666666666666, 0.5299999996026357, 0.4966666658719381, 0.5433333333333333, 0.5266666666666666, 0.563333334128062, 0.49666666666666665, 0.5399999992052714, 0.5299999992052714, 0.563333334128062, 0.5633333325386047, 0.5266666658719381, 0.5600000007947286, 0.5133333325386047, 0.5800000007947286, 0.42333333293596903, 0.5900000007947286, 0.5766666674613953, 0.5533333333333333, 0.5800000007947286, 0.5500000007947285, 0.5533333333333333, 0.5333333341280619, 0.5599999992052714, 0.6, 0.5700000007947286, 0.5766666666666667, 0.5233333325386047, 0.5800000007947286, 0.59, 0.5966666674613953, 0.5966666674613953, 0.5566666666666666, 0.5700000007947286, 0.5866666666666667]
4.loss_epoch = [1.0904691364502739, 1.0736071396209037, 1.066793287945017, 1.062671571760602, 1.0582042270856942, 1.0548928110605102, 1.0513788525896273, 1.048822499829098, 1.044889972137344, 1.0403626757985813, 1.037067283791178, 1.0354028448846357, 1.031453168922621, 1.0269184531316824, 1.0274677659086098, 1.023177943966707, 1.019030975513771, 1.015186898323077, 1.0132875076780834, 1.0121389113767922, 1.0078916834444855, 1.0035581761835888, 0.9997409657516301, 0.9982299874482166, 0.9956144040027324, 0.9927691141671263, 0.990504190011661, 0.9856919348937845, 0.9836456076322729, 0.9787358485284399, 0.9774698959859808, 0.9780904654875852, 0.9693809102793209, 0.9667228862329166, 0.9683046522408515, 0.9629827969526519, 0.959952139463581, 0.956997953896221, 0.9571818377150864, 0.9510724684114479, 0.954581795727062, 0.9410952463641379, 0.9438699499226286, 0.9411656323305617, 0.9313748206690268, 0.9318653530761843, 0.9278516808494193, 0.9331673439548501, 0.9212696462939439, 0.919511644427056]
5.vall_loss_epoch = [1.0785522349675496, 1.0726289304097494, 1.0716247510910035, 1.064577972094218, 1.0608177121480307, 1.0631639305750529, 1.0584075911839803, 1.059983941713969, 1.0488038698832194, 1.0448331801096598, 1.0472378969192504, 1.0403261184692383, 1.0420064338048298, 1.0460918966929118, 1.0439454778035482, 1.0287692546844482, 1.029340329170227, 1.0351486508051555, 1.0247514136632283, 1.0404394388198852, 1.017268837292989, 1.03252232392629, 1.0177263307571411, 1.0138534927368164, 1.008195498784383, 1.0015934189160665, 1.0109101835886638, 1.0009028816223144, 1.0266356293360392, 0.9928165825208028, 1.0657604010899862, 0.983832930723826, 0.9884002057711283, 0.9912181687355042, 0.9863382720947266, 0.9928136221567789, 0.9913298463821412, 0.995344512462616, 0.9845840827624003, 0.9681863212585449, 0.9736935520172119, 0.9702463340759278, 1.0031354888280233, 0.9617140356699626, 0.9579662895202636, 0.9533853753407796, 0.9449344881375631, 0.9686006546020508, 0.9565586980183919, 0.9415849494934082]
6.data_name = three
7.method = kaggleDR
8.style = FT
Figure name: 
C:\Users\Flori\Documents\GitHub\t2018_12_14_RUNEXPERIMENT_FigureACC0530.png
C:\Users\Flori\Documents\GitHub\t2018_12_14_RUNEXPERIMENT_FigureLOSS&ACC0530.png