Floris Fok 
2018/12/29      At: 14:5:50
 
 
 The params where: 
1.Data = Chest
2.data_name = None
3.style = FT
4.model = KaggleDR
5.file_path = C:\chest_xray
6.pickle_path = C:\pickles\Chest_int
7.model_path = {'KaggleDR': 'C:\\models\\Epochs_50_kaggleDR.json', 'Chest': 'C:\\models\\Epochs_50_Chest.json', 'CatDog': 'C:\\models\\Epochs_40_CatDog.json'}
8.RandomSeed = 7
9.doc_path = C:\Users\Flori\Documents\GitHub\t
10.img_size_x = 224
11.img_size_y = 224
12.norm = False
13.color = True
14.pretrain = None
15.equal_data = False
16.shuffle = True
17.epochs = 50
18.val_size = 600
19.test_size = 900
20.Batch_size = 32 
 
 
 The results where: 
1.score = 0.9871846765944564
2.acc_epoch = [0.7610192837465565, 0.8758034894398531, 0.9162075298438935, 0.9318181818181818, 0.9449035812672176, 0.949724517906336, 0.9538567493112947, 0.9566115702479339, 0.9595959595959596, 0.9609733700642792, 0.9630394857667585, 0.9639577594123049, 0.9646464646464646, 0.9651056014692379, 0.9655647382920111, 0.9664830119375574, 0.9662534435261708, 0.9669421487603306, 0.9674012855831038, 0.967860422405877, 0.9680899908172635, 0.9685491276400368, 0.9687786960514233, 0.9618916437098255, 0.9701561065197429, 0.970615243342516, 0.9708448117539027, 0.9710743801652892, 0.9715335169880625, 0.9715335169880625, 0.971763085399449, 0.9724517906336089, 0.9731404958677686, 0.9738292011019284, 0.9738292011019284, 0.9742883379247016, 0.9742883379247016, 0.9745179063360881, 0.9747474747474747, 0.9749770431588614, 0.9752066115702479, 0.9754361799816346, 0.9758953168044077, 0.9758953168044077, 0.9758953168044077, 0.9758953168044077, 0.9758953168044077, 0.9758953168044077, 0.9756657483930211, 0.9761248852157943]
3.val_acc_epoch = [0.8199999992052714, 0.8466666658719381, 0.8816666674613952, 0.8916666674613952, 0.9000000007947286, 0.9066666658719381, 0.9099999992052714, 0.9033333325386047, 0.9099999992052714, 0.9099999992052714, 0.9099999992052714, 0.9133333325386047, 0.9099999992052714, 0.9116666658719381, 0.9099999992052714, 0.9133333325386047, 0.9149999992052714, 0.9199999992052714, 0.9166666658719381, 0.9149999992052714, 0.9183333325386047, 0.9149999992052714, 0.921666665871938, 0.9299999992052714, 0.9333333325386047, 0.9283333325386047, 0.9299999992052714, 0.931666665871938, 0.931666665871938, 0.9349999992052714, 0.9333333325386047, 0.9333333325386047, 0.9349999992052714, 0.9299999992052714, 0.9349999992052714, 0.9349999992052714, 0.9333333325386047, 0.936666665871938, 0.9333333325386047, 0.936666665871938, 0.9349999992052714, 0.9333333325386047, 0.9349999992052714, 0.9349999992052714, 0.9349999992052714, 0.9349999992052714, 0.936666665871938, 0.9333333325386047, 0.9333333325386047, 0.931666665871938]
4.loss_epoch = [1.243519693476219, 1.1650528042988562, 1.1289751065554587, 1.1023458102846277, 1.078603285841158, 1.0590081069861343, 1.0402896218172883, 1.0228524434665018, 1.0054053548720039, 0.9893795095308863, 0.9731828807361417, 0.9576705428194409, 0.9422720594073349, 0.9272185550905128, 0.9110523347355446, 0.894763100191034, 0.879622502650987, 0.8644961945719408, 0.850068310075555, 0.8353520308863251, 0.8209055002070655, 0.8070589944350818, 0.7929627752501117, 0.7841990269905279, 0.7604362077949461, 0.7448538259369611, 0.7310597159864708, 0.7177413211600073, 0.7045675294458373, 0.6919354009343682, 0.6792876328263839, 0.6663250018961392, 0.6529808150069006, 0.6405248015817969, 0.6291704972585043, 0.6177667146215098, 0.6070434389254498, 0.5959679895141345, 0.5856649360326148, 0.5743002233919033, 0.5645375762979737, 0.5547222836067963, 0.544632049138881, 0.5352345001434821, 0.5264558922379688, 0.5178373894415611, 0.5095650590374668, 0.5016186149761805, 0.49356780925729715, 0.4843089725579331]
5.vall_loss_epoch = [0.580284264087677, 0.5639387512207031, 0.5431161077817281, 0.5314611951510112, 0.5199913183848063, 0.507370304663976, 0.4978830814361572, 0.48918388644854227, 0.48177759170532225, 0.4726105940341949, 0.4647668564319611, 0.4571065676212311, 0.4508930365244547, 0.443268141746521, 0.4363392722606659, 0.42990226864814757, 0.42276312232017516, 0.415539691845576, 0.4089551262060801, 0.403551778793335, 0.3979905287424723, 0.3940357037385305, 0.3859100925922394, 0.37373615860939025, 0.3677135447661082, 0.36460991819699606, 0.35818892319997153, 0.3531201386451721, 0.34807942310969037, 0.3431351149082184, 0.3385201076666514, 0.3341553334395091, 0.33002418716748555, 0.32692522009213765, 0.32223605195681254, 0.31804378430048624, 0.3147563842932383, 0.3112067719300588, 0.3087605929374695, 0.30401723623275756, 0.30167811473210654, 0.3005134665966034, 0.2940956958134969, 0.29193066000938417, 0.2889168608188629, 0.2860841226577759, 0.28327954808870953, 0.28236769954363505, 0.28151204546292624, 0.2826938287417094]
Figure name: 
C:\Users\Flori\Documents\GitHub\figs\2018_12_29_RUNEXPERIMENT_FigureLOSS&ACC0145.png
 NONE 