Floris Fok 
2018/12/29      At: 4:16:47
 
 
 The params where: 
1.Data = Chest
2.data_name = None
3.style = FT
4.model = KaggleDR
5.file_path = C:\chest_xray
6.pickle_path = C:\pickles\Chest_int
7.model_path = {'KaggleDR': 'C:\\models\\Epochs_50_kaggleDR.json', 'Chest': 'C:\\models\\Epochs_50_Chest.json', 'CatDog': 'C:\\models\\Epochs_40_CatDog.json'}
8.RandomSeed = 2
9.doc_path = C:\Users\Flori\Documents\GitHub\t
10.img_size_x = 224
11.img_size_y = 224
12.norm = False
13.color = True
14.pretrain = None
15.equal_data = False
16.shuffle = True
17.epochs = 50
18.val_size = 600
19.test_size = 900
20.Batch_size = 32 
 
 
 The results where: 
1.score = 0.9775891022998159
2.acc_epoch = [0.6976584022038568, 0.8659320477502296, 0.9010560146923783, 0.9341138659320477, 0.9467401285583104, 0.9563820018365473, 0.9662534435261708, 0.970615243342516, 0.9742883379247016, 0.9765840220385675, 0.9777318640955005, 0.9784205693296603, 0.97910927456382, 0.9793388429752066, 0.9797979797979798, 0.980257116620753, 0.9804866850321395, 0.9809458218549127, 0.9809458218549127, 0.9809458218549127, 0.9809458218549127, 0.981404958677686, 0.981404958677686, 0.9809458218549127, 0.9825528007346189, 0.9825528007346189, 0.9820936639118457, 0.9834710743801653, 0.9834710743801653, 0.9834710743801653, 0.9834710743801653, 0.9839302112029384, 0.9839302112029384, 0.9839302112029384, 0.9839302112029384, 0.9839302112029384, 0.9839302112029384, 0.9839302112029384, 0.9841597796143251, 0.9752066115702479, 0.9827823691460055, 0.9823232323232324, 0.981404958677686, 0.9811753902662994, 0.9848484848484849, 0.9850780532598714, 0.9871441689623508, 0.9850780532598714, 0.9894398530762167, 0.9894398530762167]
3.val_acc_epoch = [0.8349999992052713, 0.8866666658719381, 0.9083333333333333, 0.9183333333333333, 0.92, 0.9316666666666666, 0.9383333333333334, 0.94, 0.9416666666666667, 0.9416666666666667, 0.9416666666666667, 0.9416666666666667, 0.94, 0.9416666666666667, 0.94, 0.9433333333333334, 0.9416666666666667, 0.945, 0.9433333333333334, 0.9433333333333334, 0.9433333333333334, 0.9433333333333334, 0.9416666666666667, 0.945, 0.945, 0.945, 0.9466666666666667, 0.9466666666666667, 0.9466666666666667, 0.9466666666666667, 0.9483333333333334, 0.9466666666666667, 0.9466666666666667, 0.9466666666666667, 0.9466666666666667, 0.9466666666666667, 0.9483333333333334, 0.9466666666666667, 0.945, 0.9466666666666667, 0.9416666666666667, 0.9433333333333334, 0.9433333333333334, 0.9366666666666666, 0.95, 0.945, 0.9533333333333334, 0.96, 0.9566666666666667, 0.9566666666666667]
4.loss_epoch = [1.2433398564656575, 1.1142696360035487, 0.9917608508284318, 0.9309622989651039, 0.8968506937622477, 0.8682066707900076, 0.8407520132397598, 0.8172777595051501, 0.7972823139502435, 0.7784540869972922, 0.7607547584425101, 0.7437892507477788, 0.727249252292626, 0.7113508100461479, 0.6953695929849553, 0.6798149296129593, 0.6642434521756991, 0.6491519627601756, 0.6351934350664403, 0.6216654237855783, 0.6084323527618107, 0.5950267334614904, 0.5825362388314842, 0.5712090375173847, 0.5570774175247213, 0.5455300233799782, 0.5349062795590873, 0.5216800330755796, 0.5112948931062626, 0.5012583498346138, 0.4915148926722664, 0.4806051031507627, 0.47146668261185604, 0.4627619178006143, 0.45430913811106544, 0.44615424174688845, 0.438267416205288, 0.4306585962231604, 0.4220351092414751, 0.4365644419105694, 0.4109501414774097, 0.4054035074509427, 0.4001029686877441, 0.39241082726869153, 0.3771865029910817, 0.37035087153274493, 0.3567240167173144, 0.3546970972125962, 0.3374457395985326, 0.33168962638897015]
5.vall_loss_epoch = [0.6236118197441101, 0.5361687930425009, 0.4805876052379608, 0.46978862325350446, 0.45605546991030377, 0.4432069528102875, 0.4307868957519531, 0.4213949167728424, 0.4153447178999583, 0.40863924225171405, 0.40028743465741473, 0.39439815084139507, 0.38777928630510966, 0.38113067746162416, 0.3742134308815002, 0.36745359063148497, 0.3610945228735606, 0.35492811640103655, 0.3494573183854421, 0.34428117513656614, 0.3391730507214864, 0.3334596335887909, 0.3296868296464284, 0.3231670312086741, 0.3181052052974701, 0.3140451377630234, 0.3077739002307256, 0.3034033558766047, 0.29907876511414844, 0.2952853176991145, 0.29068129519621533, 0.28767447531223295, 0.2841559241215388, 0.2808035808801651, 0.27752572000026704, 0.2743083761135737, 0.27098606407642367, 0.2684035768111547, 0.2657817389567693, 0.2615832048654556, 0.2661985129117966, 0.25763806720574695, 0.2611533045768738, 0.26347531894842785, 0.24057921548684438, 0.24876841207345327, 0.2290301630894343, 0.21996291776498159, 0.22529964943726857, 0.22205482224623363]
Figure name: 
C:\Users\Flori\Documents\GitHub\figs\2018_12_29_RUNEXPERIMENT_FigureLOSS&ACC0416.png
 NONE 