Floris Fok 
2018/12/20      At: 21:55:43
 
 
 The params where: 
1.Data = KaggleDR
2.data_name = None
3.style = FT
4.model = imagenet
5.file_path = C:\KaggleDR
6.pickle_path = C:\pickles\KaggleDR
7.model_path = {'Chest': 'C:\\models\\Epochs_50_Chest.json', 'CatDog': 'C:\\models\\Epochs_40_CatDog.json'}
8.RandomSeed = 5
9.doc_path = C:\Users\Flori\Documents\GitHub\t
10.img_size_x = 224
11.img_size_y = 224
12.norm = False
13.color = True
14.pretrain = None
15.equal_data = False
16.shuffle = True
17.epochs = 50
18.val_size = 500
19.test_size = 500
20.Batch_size = 32 
 
 
 The results where: 
1.score = 0.6288197733350274
2.acc_epoch = [0.29488188976377955, 0.34448818892944516, 0.37440944877196486, 0.39291338592063724, 0.40551181102362205, 0.4157480314491302, 0.4236220471971617, 0.43031496062992125, 0.437795275637484, 0.44133858267716536, 0.4393700786932247, 0.44370078730770923, 0.4440944882359092, 0.45118110226833913, 0.45433070866141734, 0.4515748031730727, 0.456299212645358, 0.46062992116597695, 0.46102362195337854, 0.46614173228346456, 0.4610236220472441, 0.4625984251968504, 0.46771653543307085, 0.47401574798456325, 0.4653543307086614, 0.4700787400636147, 0.47874015757418054, 0.4732283465036257, 0.47125984251968506, 0.47204724409448817, 0.4748031495593664, 0.47086614173228347, 0.4740157481253616, 0.47874015738644937, 0.4779527559055118, 0.47874015748031495, 0.4759842519215711, 0.47874015748031495, 0.4811023621108588, 0.4811023622047244, 0.4811023621108588, 0.48503937003180736, 0.4897637794336935, 0.4874015748031496, 0.4846456692444058, 0.48385826771653545, 0.48937007883402306, 0.49173228337070135, 0.4921259842519685, 0.4874015747562168]
3.val_acc_epoch = [0.07800000023841858, 0.08599999976158142, 0.08000000023841858, 0.08000000023841858, 0.08200000023841858, 0.08000000023841858, 0.08000000023841858, 0.08400000023841858, 0.08600000023841858, 0.08200000023841858, 0.08400000023841858, 0.09000000023841857, 0.09400000023841858, 0.09000000023841857, 0.09800000023841858, 0.07800000023841858, 0.07800000023841858, 0.08800000023841859, 0.08800000023841859, 0.09800000023841858, 0.09600000023841858, 0.08000000023841858, 0.08600000023841858, 0.09000000023841857, 0.08200000023841858, 0.09000000023841857, 0.08000000023841858, 0.09200000023841857, 0.08400000023841858, 0.09200000023841857, 0.10000000023841858, 0.10000000023841858, 0.09800000023841858, 0.09600000023841858, 0.09000000023841857, 0.10200000023841858, 0.09400000023841858, 0.10200000023841858, 0.09200000023841857, 0.09200000023841857, 0.09400000023841858, 0.09200000023841857, 0.09600000023841858, 0.09400000023841858, 0.09400000023841858, 0.11000000047683715, 0.09200000023841857, 0.09400000023841858, 0.11000000047683715, 0.09400000023841858]
4.loss_epoch = [1.6066350568936565, 1.6020822074469618, 1.597933553522966, 1.5941620145257063, 1.5905166894432128, 1.5869102943600633, 1.583301197449992, 1.5797691127446694, 1.5762450047365324, 1.5728515870927826, 1.5695063658586637, 1.5661618433599398, 1.5628523625726776, 1.55956709835473, 1.5562953327584454, 1.552983696817413, 1.549743295466806, 1.5465378879562137, 1.543317554691645, 1.5400838568454653, 1.5369535175834115, 1.533608748218206, 1.530337060905817, 1.5270185065081738, 1.5239016450296237, 1.5204772273386558, 1.5171129114045871, 1.5139097407108217, 1.5108108462311152, 1.507193233272222, 1.5038127523707592, 1.5009416458174938, 1.4974563149955329, 1.4935762698256125, 1.490222436987509, 1.4866456219530482, 1.4836328132884709, 1.4797340256022655, 1.4759132191890807, 1.4724780726620532, 1.4693571781548929, 1.4653980084291593, 1.4615606906845813, 1.4576808822436595, 1.4547969487708385, 1.4510414662323599, 1.447036191797632, 1.4428295398321678, 1.4387859749981737, 1.435636192043935]
5.vall_loss_epoch = [1.6171437301635743, 1.6233291482925416, 1.6298652172088623, 1.6360757513046265, 1.6423020420074463, 1.6489363803863526, 1.6552699298858642, 1.6617978372573852, 1.6682098484039307, 1.6751287384033202, 1.681506944656372, 1.6879662160873412, 1.694330244064331, 1.7011556262969971, 1.7074087905883788, 1.7152072296142578, 1.7217350950241088, 1.7280209865570069, 1.734873041152954, 1.7412934789657593, 1.7482236461639404, 1.7567548370361328, 1.7633384380340575, 1.7701419200897217, 1.7789165534973144, 1.785664059638977, 1.794572187423706, 1.8013422012329101, 1.8098500881195068, 1.816857521057129, 1.8243420419692993, 1.833147352218628, 1.8417606439590455, 1.850451376914978, 1.860412133216858, 1.8669350872039794, 1.877327049255371, 1.885796905517578, 1.8977701921463013, 1.9073004398345947, 1.9162283029556275, 1.927281509399414, 1.936168957710266, 1.9469148607254028, 1.9580328369140625, 1.965452886581421, 1.981097074508667, 1.9906050014495849, 1.9992811069488525, 2.0149125909805297]
Figure name: 
C:\Users\Flori\Documents\GitHub\figs\2018_12_20_RUNEXPERIMENT_FigureLOSS&ACC02155.png
 NONE 