Floris Fok 
2018/12/14      At: 22:45:50
 
 
 The params where: 
1.Data = ISIC
2.RandomSeed = 5
3.img_size_x = 224
4.img_size_y = 224
5.norm = False
6.color = True
7.pretrain = None
8.equal_data = False
9.shuffle = True
10.epochs = 50
11.val_size = 300
12.test_size = 400
13.Batch_size = 16 
 
 
 The results where: 
1.score = 0.8311953325283794
2.acc_epoch = [0.5944227005870841, 0.6893346378481318, 0.7289628178872708, 0.7681017613690894, 0.783757338435216, 0.8052837572219087, 0.8219178083358212, 0.8414872798434442, 0.8502935421910072, 0.8635029355373868, 0.8796477495107632, 0.8860078277886497, 0.8918786692759295, 0.8967710372986393, 0.8992172212516725, 0.9090019569471625, 0.9222113502935421, 0.9334637965941383, 0.931996085989032, 0.928082191780822, 0.9324853228962818, 0.9540117416829745, 0.9510763210559777, 0.9310176125244618, 0.958904109589041, 0.9667318983553906, 0.974559686888454, 0.9711350294708506, 0.9755381605863105, 0.9779843444227005, 0.9784735812133072, 0.9789628178872708, 0.9794520547945206, 0.9799412915851272, 0.9804305283757339, 0.9344422699420653, 0.9721135029354208, 0.9359099804305284, 0.9466731898238747, 0.9545009785902243, 0.973091976516634, 0.9814090020735903, 0.9814090019569471, 0.9818982388641969, 0.9823874756548036, 0.9823874755381604, 0.9828767123287672, 0.982876712212124, 0.9828767123287672, 0.9828767123287672]
3.val_acc_epoch = [0.6700000007947285, 0.6533333329359691, 0.7433333341280619, 0.7300000007947286, 0.7300000007947286, 0.7466666674613953, 0.7300000007947286, 0.7433333325386048, 0.7366666658719381, 0.7566666674613952, 0.7333333325386048, 0.7133333333333334, 0.7333333325386048, 0.7733333333333333, 0.7499999992052714, 0.7800000007947286, 0.7866666674613952, 0.72, 0.7800000007947286, 0.803333334128062, 0.7833333341280619, 0.7866666674613952, 0.7833333341280619, 0.793333334128062, 0.8000000007947285, 0.7766666674613952, 0.7866666658719381, 0.7699999992052714, 0.7900000007947287, 0.8000000007947285, 0.803333334128062, 0.7833333341280619, 0.7866666666666666, 0.7966666674613953, 0.803333334128062, 0.7966666666666666, 0.7633333341280619, 0.7633333333333333, 0.7533333341280619, 0.7566666658719381, 0.793333334128062, 0.7833333341280619, 0.793333334128062, 0.7866666674613952, 0.7900000007947287, 0.8000000007947285, 0.793333334128062, 0.793333334128062, 0.7966666674613953, 0.7966666674613953]
4.loss_epoch = [0.6686901606458974, 0.6261009494619126, 0.6039662005383442, 0.580250658167785, 0.5718286572837084, 0.5588372881631796, 0.5483725923614726, 0.5391257854357158, 0.530519518833571, 0.5216301545471594, 0.5130848498493724, 0.5078863526043826, 0.5014433745885315, 0.4955421056299527, 0.4915394176475689, 0.4802682852325141, 0.47081351863428106, 0.4618625460655489, 0.460524411117494, 0.460157324481617, 0.45566423957595154, 0.4413670842078334, 0.4364777170631984, 0.4475113873729034, 0.4238552790565267, 0.41712068595764923, 0.4075637141902386, 0.4068287163098031, 0.4016802124897795, 0.3940789913594606, 0.3901414644344912, 0.38651978473840626, 0.38344611766986886, 0.37960532622561294, 0.37619380294226856, 0.41727347523265623, 0.3789227976957646, 0.40769097961325, 0.39666296427963765, 0.3867767007616868, 0.36886872978126467, 0.3567549093478813, 0.3531252962852411, 0.3498410434405631, 0.34643470267027093, 0.343487927416766, 0.34050952262607803, 0.3373740613460541, 0.33451669346796326, 0.33169102884552015]
5.vall_loss_epoch = [0.6457786909739176, 0.6420825759569804, 0.6014575473467509, 0.6104509274164835, 0.60814351161321, 0.593672227859497, 0.5996271030108133, 0.5915728799502055, 0.5940399225552877, 0.5820812280972799, 0.5955134415626526, 0.608204627831777, 0.598883904616038, 0.5741374762852987, 0.5845603760083516, 0.5662772345542908, 0.5692335311571757, 0.6043191917737325, 0.5633014806111654, 0.5467621914545695, 0.5548611219724019, 0.5583024668693543, 0.5605010104179382, 0.5436824798583985, 0.5447679249445597, 0.5685539094607035, 0.5506964182853699, 0.5698398677508036, 0.5513780800501505, 0.5443505374590556, 0.5364761606852213, 0.5487500182787577, 0.5567524409294129, 0.5324247598648071, 0.5294298307100932, 0.5287071021397909, 0.5535995539029439, 0.5510192370414734, 0.5581940229733785, 0.5510869113604228, 0.5318995022773743, 0.5332451899846394, 0.5276727350552877, 0.5294361217816671, 0.5265085323651632, 0.5241904425621032, 0.5242359876632691, 0.5253559215863546, 0.523887288570404, 0.5234775773684184]
6.data_name = two
7.method = kaggleDR
8.style = FT
Figure name: 
C:\Users\Flori\Documents\GitHub\t2018_12_14_RUNEXPERIMENT_FigureACC02245.png
C:\Users\Flori\Documents\GitHub\t2018_12_14_RUNEXPERIMENT_FigureLOSS&ACC02245.png