Floris Fok 
2019/1/6      At: 1:11:48
 
 
 The params where: 
1.Data = ISIC
2.data_name = two
3.style = FT
4.model = Nat
5.file_path = C:\ISIC
6.pickle_path = C:\pickles\save_melanoom_color_
7.model_path = {'Nat': 'C:\\models\\Epochs_10_Nat.json', 'KaggleDR': 'C:\\models\\Epochs_50_kaggleDR.json', 'Chest': 'C:\\models\\Epochs_50_Chest.json', 'CatDog': 'C:\\models\\Epochs_40_CatDog.json'}
8.RandomSeed = 2
9.doc_path = C:\Users\Flori\Documents\GitHub\t
10.img_size_x = 224
11.img_size_y = 224
12.norm = False
13.color = True
14.pretrain = None
15.equal_data = False
16.shuffle = True
17.epochs = 50
18.val_size = 200
19.test_size = 400
20.Batch_size = 32
21.stop = yes 
 
 
 The results where: 
1.score = 0.7917924807384197
2.acc_epoch = [0.5424440298507462, 0.5634328358208955, 0.6021455223880597, 0.6422574626865671, 0.6590485074626866, 0.65625, 0.6972947761194029, 0.7084888059701493, 0.7276119402985075, 0.7322761194029851, 0.7336753731343284, 0.7434701492537313, 0.7360074626865671, 0.7705223880597015, 0.7607276119402985, 0.769589552238806, 0.7882462686567164, 0.7859141791044776, 0.7854477611940298, 0.777518656716418, 0.784981343283582, 0.7999067164179104, 0.8055037313432836, 0.8185634328358209, 0.8171641791044776, 0.824160447761194, 0.8199626865671642, 0.8152985074626866, 0.8297574626865671, 0.832089552238806, 0.8367537313432836, 0.84375, 0.8414179104477612, 0.8521455223880597, 0.878731343283582, 0.8572761194029851, 0.863339552238806, 0.855410447761194, 0.8470149253731343, 0.8819962686567164, 0.8624067164179104, 0.8810634328358209, 0.8987873134328358, 0.8861940298507462, 0.8796641791044776, 0.8880597014925373, 0.8768656716417911, 0.8810634328358209, 0.8903917910447762, 0.9081156716417911]
3.val_acc_epoch = [0.605, 0.625, 0.67, 0.635, 0.69, 0.63, 0.725, 0.68, 0.55, 0.735, 0.6, 0.745, 0.705, 0.66, 0.71, 0.74, 0.74, 0.7, 0.67, 0.71, 0.745, 0.74, 0.72, 0.71, 0.725, 0.7, 0.75, 0.695, 0.62, 0.75, 0.745, 0.76, 0.685, 0.735, 0.7, 0.715, 0.755, 0.725, 0.705, 0.75, 0.715, 0.755, 0.735, 0.77, 0.715, 0.705, 0.72, 0.75, 0.745, 0.62]
4.loss_epoch = [1.3734945129992358, 1.365585974792936, 1.344359556240822, 1.3037602545610114, 1.288017221351168, 1.2867296275807851, 1.258425652091183, 1.2425867016635723, 1.2240936542624858, 1.2149285487274626, 1.2133281017417339, 1.1990477095788985, 1.2011283529338552, 1.1732290947615212, 1.1798421269032493, 1.1708360732491336, 1.1531570793977424, 1.1501776460391373, 1.1474816639031937, 1.1516410130173413, 1.1389121724598443, 1.1320857725926299, 1.1202845502255567, 1.1026831963169041, 1.1031841173100827, 1.0929569201682932, 1.093459266335217, 1.0970080477088244, 1.080732391841376, 1.068692649478343, 1.0685070023607852, 1.0497792469921396, 1.0500553081284707, 1.037318204765889, 1.0079112631171496, 1.023710813984942, 1.0164769487594492, 1.0170314249707693, 1.0242258933053088, 0.9869656598390039, 1.0046083517928621, 0.9764483393128238, 0.955442747073387, 0.9625110483881253, 0.9685828329911873, 0.9524222434456668, 0.9628403222382959, 0.9566567157631489, 0.9442752688678343, 0.916213996374785]
5.vall_loss_epoch = [0.6705937433242798, 0.6708260107040406, 0.6559247493743896, 0.6487463402748108, 0.641074960231781, 0.6500028467178345, 0.6268537497520447, 0.6344728279113769, 0.6871567487716674, 0.6115136218070983, 0.6693602800369263, 0.6090774631500244, 0.618992133140564, 0.6308622193336487, 0.6206461572647095, 0.6083042240142822, 0.6030037951469421, 0.6219685769081116, 0.6265092039108277, 0.6152915191650391, 0.5896268653869629, 0.6056005120277405, 0.6045039200782776, 0.6122050070762635, 0.6054338884353637, 0.6086880159378052, 0.582891936302185, 0.615967104434967, 0.6658386182785034, 0.5762347483634949, 0.5821731567382813, 0.5754399991035462, 0.6116052627563476, 0.5900836610794067, 0.6018826007843018, 0.6021280145645141, 0.5753630781173706, 0.589908800125122, 0.594565052986145, 0.575365023612976, 0.5921105146408081, 0.5739729070663452, 0.5836539816856384, 0.5628239274024963, 0.5892434763908386, 0.5977499485015869, 0.590682692527771, 0.5679263925552368, 0.5745829653739929, 0.671237187385559]
Figure name: 
C:\Users\Flori\Documents\GitHub\figs\2019_1_6_RUNEXPERIMENT_FigureLOSS&ACC0111.png
 NONE 