Floris Fok 
2019/1/6      At: 0:31:19
 
 
 The params where: 
1.Data = ISIC
2.data_name = two
3.style = FT
4.model = Nat
5.file_path = C:\ISIC
6.pickle_path = C:\pickles\save_melanoom_color_
7.model_path = {'Nat': 'C:\\models\\Epochs_6_Nat.json', 'KaggleDR': 'C:\\models\\Epochs_50_kaggleDR.json', 'Chest': 'C:\\models\\Epochs_50_Chest.json', 'CatDog': 'C:\\models\\Epochs_40_CatDog.json'}
8.RandomSeed = 2
9.doc_path = C:\Users\Flori\Documents\GitHub\t
10.img_size_x = 224
11.img_size_y = 224
12.norm = False
13.color = True
14.pretrain = None
15.equal_data = False
16.shuffle = True
17.epochs = 50
18.val_size = 200
19.test_size = 400
20.Batch_size = 32
21.stop = yes 
 
 
 The results where: 
1.score = 0.7303078338014974
2.acc_epoch = [0.49953358208955223, 0.49953358208955223, 0.49953358208955223, 0.49953358208955223, 0.49953358208955223, 0.49953358208955223, 0.49953358208955223, 0.49953358208955223, 0.5027985074626866, 0.5904850746268657, 0.6259328358208955, 0.6427238805970149, 0.6581156716417911, 0.6688432835820896, 0.6730410447761194, 0.6851679104477612, 0.6870335820895522, 0.6865671641791045, 0.6898320895522388, 0.7075559701492538, 0.7126865671641791, 0.7080223880597015, 0.7313432835820896, 0.7154850746268657, 0.7238805970149254, 0.7346082089552238, 0.7294776119402985, 0.7276119402985075, 0.7327425373134329, 0.7332089552238806, 0.7406716417910447, 0.7322761194029851, 0.7360074626865671, 0.7495335820895522, 0.7513992537313433, 0.7346082089552238, 0.7350746268656716, 0.7560634328358209, 0.7737873134328358, 0.7518656716417911, 0.7527985074626866, 0.7364738805970149, 0.7649253731343284, 0.7490671641791045, 0.761660447761194, 0.7705223880597015, 0.7551305970149254, 0.7686567164179104, 0.757929104477612, 0.7602611940298507]
3.val_acc_epoch = [0.535, 0.535, 0.535, 0.535, 0.535, 0.535, 0.535, 0.535, 0.565, 0.6, 0.64, 0.65, 0.655, 0.645, 0.65, 0.695, 0.675, 0.665, 0.675, 0.585, 0.69, 0.695, 0.705, 0.6, 0.7, 0.665, 0.715, 0.675, 0.72, 0.71, 0.695, 0.705, 0.71, 0.75, 0.73, 0.71, 0.705, 0.76, 0.685, 0.655, 0.66, 0.72, 0.73, 0.71, 0.7, 0.71, 0.695, 0.735, 0.735, 0.59]
4.loss_epoch = [1.387991063630403, 1.37961702026538, 1.3738614036076104, 1.3697859440276872, 1.3662291409364387, 1.3637355939665836, 1.3609408193559789, 1.3589246468757517, 1.355197840662145, 1.3513799318626745, 1.3492110380485876, 1.3492159950199412, 1.3451061373326316, 1.338871817090618, 1.3392382806806422, 1.3356734567613744, 1.331390825670157, 1.328847426087109, 1.3289877514340984, 1.3210108885124547, 1.3165446092833335, 1.3173734056415842, 1.3051508220274057, 1.307340563233219, 1.3039694206038517, 1.296553026384382, 1.294179834536652, 1.2930482270112678, 1.2869711420429286, 1.2866889629791032, 1.2784619776170645, 1.2801303881317823, 1.2784980410960183, 1.2674580652322343, 1.2617312011434072, 1.268486944597159, 1.2662607306864724, 1.2530352393193032, 1.243630706374325, 1.2462643562857785, 1.2415365799149471, 1.2463448723750328, 1.2274014700704545, 1.2368680345478342, 1.2216852422970443, 1.216373267458446, 1.2218035530688158, 1.2118788032389398, 1.2116725213492094, 1.2085612887766823]
5.vall_loss_epoch = [0.6872064352035523, 0.682955355644226, 0.6816293978691101, 0.6800558614730835, 0.6791800284385681, 0.6810035419464111, 0.6802001905441284, 0.676495521068573, 0.6753082823753357, 0.6739256858825684, 0.675661277770996, 0.6738488268852234, 0.6712989640235901, 0.6673166418075561, 0.6659214687347412, 0.6629396390914917, 0.6694026327133179, 0.6604084253311158, 0.6707111406326294, 0.6773443627357483, 0.6620685195922852, 0.6610713911056518, 0.6589368605613708, 0.6684476613998414, 0.6522239780426026, 0.6603066468238831, 0.6451184892654419, 0.6625893545150757, 0.6438622426986694, 0.6496802949905396, 0.6483428478240967, 0.6461731481552124, 0.6424074363708496, 0.6383525037765503, 0.6404844760894776, 0.6406274151802063, 0.6373902368545532, 0.633383481502533, 0.649279716014862, 0.6599827671051025, 0.6499977779388427, 0.634119873046875, 0.6265956807136536, 0.6330784344673157, 0.6303380823135376, 0.6318691778182983, 0.6316896843910217, 0.6273715829849243, 0.6206581521034241, 0.6734930348396301]
Figure name: 
C:\Users\Flori\Documents\GitHub\figs\2019_1_6_RUNEXPERIMENT_FigureLOSS&ACC0031.png
 NONE 