Floris Fok 
2019/1/10      At: 20:17:14
 
 
 The params where: 
1.Data = Blood
2.data_name = None
3.style = FT
4.model = Chest
5.file_path = C:\blood-cells
6.pickle_path = C:\pickles\Blood
7.model_path = {'Nat': 'C:\\models\\Epochs_50_Nat.json', 'KaggleDR': 'C:\\models\\Epochs_50_kaggleDR.json', 'Chest': 'C:\\models\\Epochs_50_Chest.json', 'CatDog': 'C:\\models\\Epochs_40_CatDog.json'}
8.RandomSeed = 2
9.doc_path = C:\Users\Flori\Documents\GitHub\t
10.img_size_x = 224
11.img_size_y = 224
12.norm = False
13.color = True
14.pretrain = None
15.equal_data = False
16.shuffle = True
17.epochs = 50
18.val_size = 1500
19.test_size = 2000
20.Batch_size = 32
21.stop = yes 
 
 
 The results where: 
1.score = 0.7296631621986489
2.acc_epoch = [0.2510260676319442, 0.2724348308507165, 0.3326677759223955, 0.3631724902575901, 0.3834719911424306, 0.4063227953543216, 0.4189683859836242, 0.42850804216849825, 0.4396006655507926, 0.4454797559523675, 0.45468663340201987, 0.45890183029608533, 0.46045479751995255, 0.46333887957891884, 0.46844148642475975, 0.47088186354750866, 0.47143649469463944, 0.47454242927130236, 0.4792013311214204, 0.4766500277646171, 0.4805324458870964, 0.48042151967618313, 0.48308374926704073, 0.4800887409773259, 0.4861896838238685, 0.4845257903626411, 0.4844148640492461, 0.48585690512170543, 0.48940654466103267, 0.4864115363878471, 0.4870770936963033, 0.4879645036216319, 0.49251247916496665, 0.48785357733137796, 0.4914032168244231, 0.4924015529540533, 0.49195784801783593, 0.4927343316330754, 0.49550748753402213, 0.49339988903409565, 0.49805879096355427, 0.5023849139660514, 0.503826955056693, 0.5028286189022688, 0.5006100942740755, 0.5009428730489675, 0.5003882418324137, 0.5084858568919346, 0.5098169716807517, 0.5069328896184795]
3.val_acc_epoch = [0.2780000000397364, 0.3213333335717519, 0.3620000002384186, 0.37333333349227904, 0.39466666674613954, 0.3820000001589457, 0.4233333331743876, 0.43199999976158143, 0.4326666663487752, 0.4519999997615814, 0.4460000000794729, 0.4406666664282481, 0.44866666666666666, 0.44733333301544187, 0.468, 0.4626666664282481, 0.466, 0.464, 0.44533333309491474, 0.4693333333333333, 0.44333333309491474, 0.4579999997615814, 0.46533333309491476, 0.4613333333333333, 0.4673333330154419, 0.464, 0.46666666634877524, 0.46266666666666667, 0.4613333338101705, 0.45333333309491475, 0.4666666664282481, 0.47199999968210854, 0.468, 0.46466666634877524, 0.46599999968210853, 0.47400000047683716, 0.4713333330154419, 0.4619999997615814, 0.472, 0.44199999976158144, 0.4599999997615814, 0.4646666664282481, 0.468, 0.47, 0.466, 0.47333333333333333, 0.4646666666666667, 0.4639999997615814, 0.4653333333333333, 0.4619999997615814]
4.loss_epoch = [1.430410926062996, 1.407226456090998, 1.3697520765805997, 1.3493481157094456, 1.333626004516318, 1.320150883899949, 1.3084125309207344, 1.2988198341955692, 1.2910189818754105, 1.2828213951816443, 1.2763379333948863, 1.2699991146723428, 1.2656135246744435, 1.259323752025598, 1.2544595212984007, 1.2488206635034553, 1.2444713384921327, 1.240154150705237, 1.234881437730604, 1.232991903421949, 1.2283844589327548, 1.2242024990564178, 1.2200821057069453, 1.2173440534276427, 1.2134534744044774, 1.2102868331781176, 1.207622991491541, 1.2036406648469777, 1.198193429551783, 1.1971472110737713, 1.193308165109098, 1.1897051703843948, 1.18540876590075, 1.1852125176574149, 1.179349553644558, 1.1756078267057803, 1.1738268155358729, 1.169269712475096, 1.1666464743056169, 1.1646984630469408, 1.1573212200313956, 1.151192067056911, 1.1471456057881224, 1.14398832871262, 1.1427982858069659, 1.1412617443669721, 1.1405897613240823, 1.128735664204234, 1.1241409561598361, 1.120584023441795]
5.vall_loss_epoch = [1.41296049340566, 1.3910144567489624, 1.3732777433395387, 1.3385171766281128, 1.322162350018819, 1.3495553569793701, 1.3179313907623291, 1.2937735821406047, 1.291948463757833, 1.2810889088312785, 1.2766121848424277, 1.2771496995290121, 1.2755033009847005, 1.2706951564153035, 1.258790060043335, 1.2555567242304484, 1.2519179423650106, 1.2489856214523316, 1.2531327670415242, 1.2406103382110596, 1.2565837675730387, 1.2377968349456787, 1.2323788369496664, 1.2376270195643106, 1.2357560027440389, 1.2302526597976684, 1.2227218710581462, 1.220413647333781, 1.2328867797851562, 1.2275951674779255, 1.2150619160334268, 1.2129283717473347, 1.2164610045750937, 1.2152296924591064, 1.2058682266871135, 1.2002546027501424, 1.201669269879659, 1.2003080418904621, 1.1953308588663738, 1.2043920736312865, 1.190397915204366, 1.1897262086868285, 1.1862823508580527, 1.1862183678944906, 1.1937572310765585, 1.1789046230316163, 1.1774930645624797, 1.1751515722274781, 1.1731376368204753, 1.1722265946070354]
Figure name: 
C:\Users\Flori\Documents\GitHub\figs\2019_1_10_RUNEXPERIMENT_FigureLOSS&ACC02017.png
 NONE 