Floris Fok 
2019/1/7      At: 0:11:22
 
 
 The params where: 
1.Data = Chest
2.data_name = None
3.style = FT
4.model = Nat
5.file_path = C:\chest_xray
6.pickle_path = C:\pickles\Chest_int
7.model_path = {'Nat': 'C:\\models\\Epochs_50_Nat.json', 'KaggleDR': 'C:\\models\\Epochs_50_kaggleDR.json', 'Chest': 'C:\\models\\Epochs_50_Chest.json', 'CatDog': 'C:\\models\\Epochs_40_CatDog.json'}
8.RandomSeed = 5
9.doc_path = C:\Users\Flori\Documents\GitHub\t
10.img_size_x = 224
11.img_size_y = 224
12.norm = False
13.color = True
14.pretrain = None
15.equal_data = False
16.shuffle = True
17.epochs = 50
18.val_size = 600
19.test_size = 900
20.Batch_size = 32
21.stop = yes 
 
 
 The results where: 
1.score = 0.9930519167736097
2.acc_epoch = [0.2699724517906336, 0.3376951331496786, 0.8985307621671258, 0.9178145087235996, 0.8918732782369146, 0.9253902662993572, 0.9357208448117539, 0.929981634527089, 0.9391643709825528, 0.9428374655647382, 0.938475665748393, 0.9410009182736455, 0.9513314967860422, 0.9455922865013774, 0.9437557392102847, 0.9400826446280992, 0.9556932966023876, 0.9533976124885216, 0.9529384756657484, 0.9513314967860422, 0.9589072543617998, 0.9550045913682277, 0.9345730027548209, 0.9527089072543617, 0.9561524334251607, 0.9598255280073462, 0.9600550964187328, 0.9556932966023876, 0.9591368227731865, 0.9634986225895317, 0.9655647382920111, 0.9653351698806244, 0.959366391184573, 0.9524793388429752, 0.9648760330578512, 0.9641873278236914, 0.9713039485766759, 0.9699265381083563, 0.9699265381083563, 0.9701561065197429, 0.9683195592286501, 0.9749770431588614, 0.9749770431588614, 0.9595959595959596, 0.9719926538108357, 0.9662534435261708, 0.9722222222222222, 0.9775022956841138, 0.9589072543617998, 0.9758953168044077]
3.val_acc_epoch = [0.26833333293596906, 0.8966666674613952, 0.9349999992052714, 0.26833333293596906, 0.9349999992052714, 0.941666665871938, 0.9333333325386047, 0.9416666674613953, 0.7533333325386047, 0.8416666674613953, 0.9300000007947286, 0.941666665871938, 0.9033333341280619, 0.946666665871938, 0.8566666674613953, 0.938333334128062, 0.9400000007947286, 0.6483333341280619, 0.9433333325386047, 0.9499999992052715, 0.9366666674613953, 0.9550000007947286, 0.7966666674613953, 0.951666665871938, 0.9316666674613953, 0.938333334128062, 0.9466666674613953, 0.9533333325386047, 0.946666665871938, 0.961666665871938, 0.9633333325386048, 0.7916666674613952, 0.943333334128062, 0.953333334128062, 0.9583333341280619, 0.9566666674613953, 0.9650000007947286, 0.9599999992052713, 0.9633333325386048, 0.9599999992052713, 0.9200000007947285, 0.9549999992052715, 0.9549999992052715, 0.9533333325386047, 0.9516666674613953, 0.9683333325386048, 0.9716666658719381, 0.9633333325386048, 0.948333334128062, 0.9516666674613953]
4.loss_epoch = [1.270457157637681, 1.1808238610748416, 1.1466271432853818, 1.1162884602095688, 1.1075626411385444, 1.0590032818013095, 1.0270551910522994, 1.0061296027553968, 0.978679363939935, 0.9577904662700615, 0.933741413419459, 0.9121912020516023, 0.8828789101925544, 0.8712101328580942, 0.8509011575122619, 0.8421423273200394, 0.8042052651458754, 0.7836465540011067, 0.7739154097681422, 0.752712791041566, 0.7359748648546287, 0.725323021302429, 0.742270622645309, 0.7012869857997386, 0.6803599608064902, 0.6628231026362235, 0.6486657588606696, 0.6433658542930806, 0.6214240646012011, 0.6069598612268656, 0.5874305801505447, 0.5821179329965835, 0.5899848342489167, 0.5840107800218356, 0.5550095322375127, 0.5401336994600252, 0.520084319473736, 0.5179012398089259, 0.5062835316684292, 0.4958318826580836, 0.49097346914701223, 0.46881279483423854, 0.4584327580268718, 0.48842733293853846, 0.4518326393938371, 0.45967357955305155, 0.4383966322334892, 0.4195010926441056, 0.4554576041011005, 0.4083682697666578]
5.vall_loss_epoch = [0.667377523581187, 0.6395183952649435, 0.6147990274429321, 0.8952728207906088, 0.5750632611910502, 0.5549345874786377, 0.5400711878140767, 0.5190195345878601, 0.6040211009979248, 0.551442805926005, 0.48321632703145345, 0.4630602502822876, 0.477145178715388, 0.43682753841082256, 0.4861641045411428, 0.41960400581359864, 0.41298044482866925, 0.6430036377906799, 0.3867955982685089, 0.37560949047406517, 0.3814938453833262, 0.3584661018848419, 0.49872310241063433, 0.34499399781227114, 0.35259886264801027, 0.3455419456958771, 0.330668625831604, 0.3166898755232493, 0.31617337544759117, 0.2982251274585724, 0.29208886981010435, 0.49741780598958335, 0.3030460540453593, 0.28228731234868365, 0.2719270956516266, 0.27187514305114746, 0.2586291428407033, 0.2638371765613556, 0.25579638600349425, 0.254218936363856, 0.29943856636683147, 0.250366815328598, 0.24924444675445556, 0.24630678256352742, 0.2509941494464874, 0.22594670116901397, 0.21775214513142904, 0.21948399325211843, 0.24267404397328696, 0.23074252923329672]
Figure name: 
C:\Users\Flori\Documents\GitHub\figs\2019_1_7_RUNEXPERIMENT_FigureLOSS&ACC0011.png
 NONE 