Floris Fok 
2019/1/6      At: 7:17:42
 
 
 The params where: 
1.Data = ISIC
2.data_name = three
3.style = FT
4.model = Nat
5.file_path = C:\ISIC
6.pickle_path = C:\pickles\save_melanoom_color_
7.model_path = {'Nat': 'C:\\models\\Epochs_50_Nat.json', 'KaggleDR': 'C:\\models\\Epochs_50_kaggleDR.json', 'Chest': 'C:\\models\\Epochs_50_Chest.json', 'CatDog': 'C:\\models\\Epochs_40_CatDog.json'}
8.RandomSeed = 2
9.doc_path = C:\Users\Flori\Documents\GitHub\t
10.img_size_x = 224
11.img_size_y = 224
12.norm = False
13.color = True
14.pretrain = None
15.equal_data = False
16.shuffle = True
17.epochs = 50
18.val_size = 200
19.test_size = 400
20.Batch_size = 32
21.stop = yes 
 
 
 The results where: 
1.score = 0.7893908499665866
2.acc_epoch = [0.3310580204439109, 0.33589306026188587, 0.3364618884757653, 0.3364618886113845, 0.33646188857747966, 0.33646188852662245, 0.33646188857747966, 0.3364618884757653, 0.33646188850967007, 0.33646188857747966, 0.3364618886113845, 0.3364618886113845, 0.3364618884418605, 0.3364618885435749, 0.3364618886113845, 0.33646188850967007, 0.33646188840795566, 0.33646188852662245, 0.33646188840795566, 0.33646188850967007, 0.33646188850967007, 0.3364618884418605, 0.3364618886113845, 0.33646188850967007, 0.3364618884757653, 0.33646188857747966, 0.3364618885435749, 0.33646188850967007, 0.3364618884757653, 0.33646188850967007, 0.33646188857747966, 0.33646188857747966, 0.3364618886113845, 0.3364618883740509, 0.3364618884418605, 0.33646188850967007, 0.3364618884757653, 0.33646188840795566, 0.33646188857747966, 0.3364618886113845, 0.3364618886113845, 0.33646188830624124, 0.3364618886113845, 0.33646188857747966, 0.3364618886113845, 0.33646188852662245, 0.3364618886113845, 0.3364618884418605, 0.3364618884757653, 0.3364618884757653]
3.val_acc_epoch = [0.295, 0.3, 0.3, 0.3, 0.3, 0.3, 0.3, 0.3, 0.3, 0.3, 0.3, 0.3, 0.3, 0.3, 0.3, 0.3, 0.3, 0.3, 0.3, 0.3, 0.3, 0.3, 0.3, 0.3, 0.3, 0.3, 0.3, 0.3, 0.3, 0.3, 0.3, 0.3, 0.3, 0.3, 0.3, 0.3, 0.3, 0.3, 0.3, 0.3, 0.3, 0.3, 0.3, 0.3, 0.3, 0.3, 0.3, 0.3, 0.3, 0.3]
4.loss_epoch = [3.331371198606437, 3.3246457807304375, 3.322070146719072, 3.320020574216007, 3.318134104703745, 3.3163964311688696, 3.3147749106089273, 3.3132897220780824, 3.311918881972902, 3.3106514751165257, 3.309485006929122, 3.3084099786409067, 3.3074117921996304, 3.3064870826213433, 3.3056327645689145, 3.3048468940765243, 3.3041150211881045, 3.303464558073007, 3.302842905903839, 3.3022846980306477, 3.301768197405732, 3.3012798434638326, 3.3008540162183047, 3.3004419714110704, 3.300061741244128, 3.299705772812185, 3.2994036820968264, 3.299113430667656, 3.2988424689018414, 3.298596662601649, 3.298370062423376, 3.298161283423605, 3.297975071189889, 3.297806087478707, 3.2976452390217266, 3.2974912151948583, 3.29735089677457, 3.2972305588619157, 3.2971159581845124, 3.2970091523570817, 3.2969098313541, 3.2968290926246513, 3.2967502246266474, 3.2966781240274474, 3.2966088695330833, 3.296546762171323, 3.296487379399583, 3.296430399529085, 3.2963945925303557, 3.2963394806789186]
5.vall_loss_epoch = [1.119084506034851, 1.117064232826233, 1.1159911346435547, 1.1149827861785888, 1.1140394306182861, 1.113151979446411, 1.1123208045959472, 1.1115420770645141, 1.1108113956451415, 1.110122857093811, 1.1094780206680297, 1.1088704061508179, 1.1082981872558593, 1.1077588701248169, 1.1072522544860839, 1.1067723846435547, 1.1063271522521974, 1.1059059715270996, 1.1055127573013306, 1.105141372680664, 1.1047930383682252, 1.1044630479812623, 1.1041501140594483, 1.1038547992706298, 1.1035746955871581, 1.1033131408691406, 1.1030691385269165, 1.1028364753723146, 1.1026173877716063, 1.102409143447876, 1.1022137355804444, 1.1020285701751709, 1.1018544387817384, 1.1016912460327148, 1.1015349674224852, 1.101384105682373, 1.1012444686889649, 1.1011129665374755, 1.1009874248504639, 1.1008671951293945, 1.1007546615600585, 1.1006535243988038, 1.1005517959594726, 1.1004574489593506, 1.1003679370880126, 1.100280637741089, 1.1001996421813964, 1.1001237297058106, 1.1000498390197755, 1.0999808168411256]
Figure name: 
C:\Users\Flori\Documents\GitHub\figs\2019_1_6_RUNEXPERIMENT_FigureLOSS&ACC0717.png
 NONE 