Floris Fok 
2019/1/5      At: 21:23:34
 
 
 The params where: 
1.Data = ISIC
2.data_name = two
3.style = FT
4.model = imagenet
5.file_path = C:\ISIC
6.pickle_path = C:\pickles\save_melanoom_color_
7.model_path = {'Nat': 'C:\\models\\Epochs_2_Nat.json', 'KaggleDR': 'C:\\models\\Epochs_50_kaggleDR.json', 'Chest': 'C:\\models\\Epochs_50_Chest.json', 'CatDog': 'C:\\models\\Epochs_40_CatDog.json'}
8.RandomSeed = 2
9.doc_path = C:\Users\Flori\Documents\GitHub\t
10.img_size_x = 224
11.img_size_y = 224
12.norm = False
13.color = True
14.pretrain = None
15.equal_data = False
16.shuffle = True
17.epochs = 50
18.val_size = 200
19.test_size = 400
20.Batch_size = 32
21.stop = yes 
 
 
 The results where: 
1.score = 0.9493452193001126
2.acc_epoch = [0.49953358208955223, 0.5377798507462687, 0.5368470149253731, 0.5774253731343284, 0.6595149253731343, 0.6982276119402985, 0.7378731343283582, 0.7691231343283582, 0.7817164179104478, 0.7961753731343284, 0.8073694029850746, 0.8185634328358209, 0.8222947761194029, 0.8180970149253731, 0.8306902985074627, 0.8330223880597015, 0.84375, 0.8330223880597015, 0.8376865671641791, 0.8460820895522388, 0.8409514925373134, 0.8493470149253731, 0.8558768656716418, 0.8484141791044776, 0.8507462686567164, 0.8540111940298507, 0.8456156716417911, 0.8549440298507462, 0.847481343283582, 0.8563432835820896, 0.8614738805970149, 0.8512126865671642, 0.8642723880597015, 0.8563432835820896, 0.8596082089552238, 0.8628731343283582, 0.8726679104477612, 0.8791977611940298, 0.8717350746268657, 0.8740671641791045, 0.8833955223880597, 0.8805970149253731, 0.8885261194029851, 0.8903917910447762, 0.90625, 0.9076492537313433, 0.9090485074626866, 0.9132462686567164, 0.9090485074626866, 0.9048507462686567]
3.val_acc_epoch = [0.56, 0.58, 0.595, 0.66, 0.665, 0.71, 0.755, 0.76, 0.785, 0.795, 0.8, 0.815, 0.82, 0.815, 0.83, 0.83, 0.835, 0.86, 0.865, 0.86, 0.86, 0.87, 0.88, 0.845, 0.87, 0.88, 0.875, 0.875, 0.835, 0.86, 0.885, 0.87, 0.88, 0.85, 0.885, 0.895, 0.885, 0.875, 0.875, 0.885, 0.875, 0.88, 0.875, 0.88, 0.86, 0.87, 0.885, 0.885, 0.805, 0.825]
4.loss_epoch = [1.3855952220176584, 1.384311763208304, 1.381229699547611, 1.3774741122971719, 1.3736376797974998, 1.3695583557015034, 1.3647164035199293, 1.3598900286119375, 1.354476668941441, 1.3470264619855739, 1.3388672479942663, 1.3297804255983723, 1.3201365684395405, 1.3132767748476855, 1.3018576351564322, 1.2940898866795782, 1.2833569654777868, 1.277700061228738, 1.268307716099184, 1.2570749112029573, 1.2509817863578228, 1.2392653885172373, 1.226676063751107, 1.2216938449375665, 1.2112043188579047, 1.20033234446796, 1.19361118416288, 1.177799858264069, 1.1737601739257129, 1.155082704415962, 1.139460773610357, 1.1332567592165363, 1.1122662327182826, 1.105511284586209, 1.092403072029797, 1.0716496901725656, 1.0494523733409482, 1.0280089494007736, 1.0221165222908133, 1.002398584316026, 0.9739535806783989, 0.9628729829147681, 0.9318956617099136, 0.908550096981561, 0.8661595182632332, 0.8502616401928574, 0.8223262242416838, 0.7944683815116313, 0.7884038233045322, 0.7723345116003236]
5.vall_loss_epoch = [0.6924025678634643, 0.6904692029953003, 0.6887652254104615, 0.6869076204299926, 0.6851120185852051, 0.6826824617385864, 0.6795764589309692, 0.6773583006858825, 0.6736867451667785, 0.6697375392913818, 0.6663463878631591, 0.6619022417068482, 0.6562135219573975, 0.6534495449066162, 0.6460807514190674, 0.6430944967269897, 0.6383050179481506, 0.632158830165863, 0.6271501040458679, 0.6237425875663757, 0.6184429359436036, 0.6114763355255127, 0.6071968531608581, 0.6075566983222962, 0.597639012336731, 0.5897861051559449, 0.586171088218689, 0.5796189546585083, 0.5891402363777161, 0.573972783088684, 0.5583604383468628, 0.5547211670875549, 0.5443671989440918, 0.5548669123649597, 0.5308476543426514, 0.5210371685028076, 0.5158629441261291, 0.5127801895141602, 0.5004933571815491, 0.49101742744445803, 0.484609637260437, 0.4818727922439575, 0.47300238609313966, 0.45928526401519776, 0.4653937292098999, 0.4436388182640076, 0.42995806694030764, 0.4252384305000305, 0.4922924590110779, 0.45274761199951175]
Figure name: 
C:\Users\Flori\Documents\GitHub\figs\2019_1_5_RUNEXPERIMENT_FigureLOSS&ACC02123.png
 NONE 