Floris Fok 
2019/1/6      At: 15:35:50
 
 
 The params where: 
1.Data = ISIC
2.data_name = two
3.style = FT
4.model = Nat
5.file_path = C:\ISIC
6.pickle_path = C:\pickles\save_melanoom_color_
7.model_path = {'Nat': 'C:\\models\\Epochs_50_Nat.json', 'KaggleDR': 'C:\\models\\Epochs_50_kaggleDR.json', 'Chest': 'C:\\models\\Epochs_50_Chest.json', 'CatDog': 'C:\\models\\Epochs_40_CatDog.json'}
8.RandomSeed = 5
9.doc_path = C:\Users\Flori\Documents\GitHub\t
10.img_size_x = 224
11.img_size_y = 224
12.norm = False
13.color = True
14.pretrain = None
15.equal_data = False
16.shuffle = True
17.epochs = 50
18.val_size = 200
19.test_size = 400
20.Batch_size = 32
21.stop = yes 
 
 
 The results where: 
1.score = 0.7644425830576262
2.acc_epoch = [0.5531716417910447, 0.5615671641791045, 0.5928171641791045, 0.6273320895522388, 0.6450559701492538, 0.6595149253731343, 0.6800373134328358, 0.6870335820895522, 0.6861007462686567, 0.7075559701492538, 0.7066231343283582, 0.7229477611940298, 0.7285447761194029, 0.7313432835820896, 0.7541977611940298, 0.742070895522388, 0.7439365671641791, 0.7322761194029851, 0.7523320895522388, 0.7653917910447762, 0.7663246268656716, 0.7588619402985075, 0.7625932835820896, 0.7709888059701493, 0.789179104477612, 0.773320895522388, 0.784981343283582, 0.7985074626865671, 0.7742537313432836, 0.7943097014925373, 0.7915111940298507, 0.7779850746268657, 0.7961753731343284, 0.7919776119402985, 0.7971082089552238, 0.8106343283582089, 0.7821828358208955, 0.8041044776119403, 0.7947761194029851, 0.8041044776119403, 0.7999067164179104, 0.8092350746268657, 0.8101679104477612, 0.8152985074626866, 0.8078358208955224, 0.8185634328358209, 0.8148320895522388, 0.8302238805970149, 0.8069029850746269, 0.8381529850746269]
3.val_acc_epoch = [0.53, 0.565, 0.605, 0.655, 0.645, 0.51, 0.575, 0.66, 0.67, 0.62, 0.67, 0.705, 0.695, 0.695, 0.7, 0.725, 0.725, 0.69, 0.72, 0.72, 0.71, 0.65, 0.705, 0.685, 0.7, 0.735, 0.685, 0.73, 0.715, 0.7, 0.71, 0.735, 0.695, 0.6, 0.695, 0.74, 0.665, 0.605, 0.73, 0.675, 0.755, 0.76, 0.745, 0.73, 0.48, 0.73, 0.67, 0.715, 0.7, 0.575]
4.loss_epoch = [1.375004489030411, 1.36491737792741, 1.3544214287800576, 1.3485351694163992, 1.345154965101783, 1.3400012699525747, 1.3357332553436507, 1.332895641896262, 1.3315725006274324, 1.3250912481279515, 1.3251902078514668, 1.3175159158991343, 1.3129264312003976, 1.3113074907616002, 1.3010542962088514, 1.30474888210866, 1.299404614007295, 1.3020167759994963, 1.292576524748731, 1.2851081125771822, 1.28425300477156, 1.2822247885946016, 1.2781257255753475, 1.272799740976362, 1.2635804290202126, 1.2640018569889353, 1.2564182441626022, 1.24890946808146, 1.2594820812566956, 1.2427972430613503, 1.2416674147790938, 1.2455095123888842, 1.233679815904418, 1.2337237792228586, 1.23146768648233, 1.2136326850350223, 1.227770753760836, 1.213659140601087, 1.2165440374345922, 1.2054799795150757, 1.206406077342247, 1.1955058574676514, 1.1931911706924438, 1.1847530051843445, 1.1870335393877172, 1.178248295143469, 1.1735215756430555, 1.15791741058008, 1.1723874718395633, 1.1451380519724603]
5.vall_loss_epoch = [0.6848878335952758, 0.6824698305130005, 0.6794109630584717, 0.6761857509613037, 0.6749214458465577, 0.6855309796333313, 0.6778346586227417, 0.6747234725952148, 0.6719227623939514, 0.6764971590042115, 0.671461193561554, 0.6669606614112854, 0.6664627313613891, 0.6680634021759033, 0.6662375402450561, 0.6605028438568116, 0.6592109417915344, 0.6642121481895447, 0.6593154287338256, 0.6577369952201844, 0.656411702632904, 0.66653484582901, 0.6558560657501221, 0.6561820387840271, 0.6572397065162658, 0.6493239235877991, 0.6556699323654175, 0.6430498361587524, 0.6492224645614624, 0.6427257919311523, 0.6402385616302491, 0.6380683469772339, 0.6492292261123658, 0.6712235116958618, 0.6469346380233765, 0.6305496644973755, 0.6538159728050232, 0.6689725112915039, 0.63004629611969, 0.6447836399078369, 0.621030445098877, 0.6214661502838135, 0.619144434928894, 0.6285078930854797, 0.7174959349632263, 0.6242269849777222, 0.6415192651748657, 0.6253611779212952, 0.6276906442642212, 0.6880996704101563]
Figure name: 
C:\Users\Flori\Documents\GitHub\figs\2019_1_6_RUNEXPERIMENT_FigureLOSS&ACC01535.png
 NONE 