Floris Fok 
2019/1/5      At: 16:43:31
 
 
 The params where: 
1.Data = ISIC
2.data_name = three
3.style = FT
4.model = Nat
5.file_path = C:\ISIC
6.pickle_path = C:\pickles\save_melanoom_color_
7.model_path = {'Nat': 'C:\\models\\Epochs_50_Nat.json', 'KaggleDR': 'C:\\models\\Epochs_50_kaggleDR.json', 'Chest': 'C:\\models\\Epochs_50_Chest.json', 'CatDog': 'C:\\models\\Epochs_40_CatDog.json'}
8.RandomSeed = 2
9.doc_path = C:\Users\Flori\Documents\GitHub\t
10.img_size_x = 224
11.img_size_y = 224
12.norm = False
13.color = True
14.pretrain = None
15.equal_data = False
16.shuffle = True
17.epochs = 50
18.val_size = 200
19.test_size = 400
20.Batch_size = 32
21.stop = yes 
 
 
 The results where: 
1.score = 0.8150109171703807
2.acc_epoch = [0.3774175198411779, 0.43145620009191205, 0.44226393622343046, 0.45108077353856124, 0.4587599543920285, 0.46956769059135645, 0.47241183159294386, 0.46444823649691774, 0.47753128551785856, 0.47042093287827075, 0.4800910124464111, 0.48833902151375774, 0.5079635950621213, 0.5218998862343572, 0.52957906698611, 0.5364050054848534, 0.5455062569069239, 0.5480659839371907, 0.5620022752450459, 0.5861774743349207, 0.5890216153365082, 0.5881683732869275, 0.6049488054607508, 0.6075085324910178, 0.6058020479849988, 0.6271331056664285, 0.6271331056664285, 0.6242889649360795, 0.6370875994771278, 0.6370875993415086, 0.6541524460291293, 0.638509670079636, 0.6547212743786279, 0.6459044368600683, 0.6624004551981904, 0.6675199089196762, 0.6757679182243564, 0.6729237768159113, 0.6720705349019499, 0.6831626848691695, 0.6879977247549541, 0.6939704210006878, 0.7059158134243458, 0.7064846416382252, 0.68344709884049, 0.690273037746091, 0.7170079635949943, 0.7172923775663148, 0.7246871444823664, 0.72155858923822]
3.val_acc_epoch = [0.455, 0.5, 0.45, 0.48, 0.49, 0.52, 0.515, 0.505, 0.52, 0.53, 0.51, 0.535, 0.545, 0.54, 0.59, 0.57, 0.575, 0.53, 0.55, 0.59, 0.475, 0.61, 0.6, 0.49, 0.55, 0.615, 0.635, 0.6, 0.57, 0.625, 0.57, 0.64, 0.64, 0.635, 0.59, 0.65, 0.635, 0.675, 0.645, 0.61, 0.65, 0.675, 0.65, 0.65, 0.57, 0.66, 0.65, 0.645, 0.645, 0.59]
4.loss_epoch = [1.086116429617516, 1.0682638836123972, 1.061162735279374, 1.0570190961857298, 1.0507547656016951, 1.0498373713238383, 1.0445325553620635, 1.0401636507188365, 1.038886499621898, 1.0346635201685257, 1.0279753718766742, 1.0215814898852196, 1.0174016104216461, 1.014572694575556, 1.0102897360327572, 1.0068122840171787, 1.0036728574011784, 1.0020708887243435, 0.9970195338180854, 0.9914153202673138, 0.9914327222468232, 0.9889302305936543, 0.9845576701310714, 0.9821775880418675, 0.9804983908677128, 0.9759319645688531, 0.9731858353701603, 0.9735273189918987, 0.9681529425788116, 0.96888268339756, 0.9612114381329055, 0.9631644540950571, 0.959697270149257, 0.9604995557201329, 0.9530353305418472, 0.9523816514205065, 0.9482040669052809, 0.9470622153683599, 0.9461179432608569, 0.9433780435273537, 0.9406575059456765, 0.9357264911897896, 0.9319303076421849, 0.9313765676762057, 0.9332074618583653, 0.9323941742465222, 0.9225340275363032, 0.9220163074234105, 0.9170008192561456, 0.914039678676679]
5.vall_loss_epoch = [1.0520797634124757, 1.0493802833557129, 1.0354889726638794, 1.0350334548950195, 1.0464939069747925, 1.0309273386001587, 1.0206366539001466, 1.0325268745422362, 1.024543890953064, 1.0112763261795044, 1.0237415409088135, 1.0038380813598633, 1.0014274978637696, 1.0065164518356324, 0.9937565422058106, 0.9936073303222657, 0.9853014039993286, 1.0112620210647583, 0.9984978771209717, 0.9941506719589234, 1.03887864112854, 0.9837704610824585, 0.99921133518219, 1.0376038885116576, 0.9970132160186768, 0.983072304725647, 0.9735858678817749, 0.9896636390686036, 0.999936556816101, 0.9661548233032227, 0.9832091760635376, 0.9607303619384766, 0.9608642959594726, 0.9736306285858154, 0.9896725654602051, 0.9571821880340576, 0.96608491897583, 0.9547353601455688, 0.9554099225997925, 0.9758143281936645, 0.9558814239501953, 0.9555236291885376, 0.954926404953003, 0.9525281906127929, 0.9931374359130859, 0.9488976001739502, 0.9529071807861328, 0.9540112018585205, 0.9501845359802246, 0.9789910507202149]
Figure name: 
C:\Users\Flori\Documents\GitHub\figs\2019_1_5_RUNEXPERIMENT_FigureLOSS&ACC01643.png
 NONE 