Floris Fok 
2019/1/7      At: 7:58:29
 
 
 The params where: 
1.Data = Chest
2.data_name = None
3.style = FT
4.model = Nat
5.file_path = C:\chest_xray
6.pickle_path = C:\pickles\Chest_int
7.model_path = {'Nat': 'C:\\models\\Epochs_50_Nat.json', 'KaggleDR': 'C:\\models\\Epochs_50_kaggleDR.json', 'Chest': 'C:\\models\\Epochs_50_Chest.json', 'CatDog': 'C:\\models\\Epochs_40_CatDog.json'}
8.RandomSeed = 7
9.doc_path = C:\Users\Flori\Documents\GitHub\t
10.img_size_x = 224
11.img_size_y = 224
12.norm = False
13.color = True
14.pretrain = None
15.equal_data = False
16.shuffle = True
17.epochs = 50
18.val_size = 600
19.test_size = 900
20.Batch_size = 32
21.stop = yes 
 
 
 The results where: 
1.score = 0.9950076947177325
2.acc_epoch = [0.8135904499540864, 0.8937098255280074, 0.9148301193755739, 0.9093204775022957, 0.9242424242424242, 0.9297520661157025, 0.9350321395775941, 0.9341138659320477, 0.9391643709825528, 0.9393939393939394, 0.9302112029384757, 0.9240128558310376, 0.9435261707988981, 0.9439853076216712, 0.9524793388429752, 0.6641414141414141, 0.9352617079889807, 0.9490358126721763, 0.9499540863177227, 0.9568411386593205, 0.9547750229568411, 0.9559228650137741, 0.9522497704315886, 0.94811753902663, 0.960514233241506, 0.9607438016528925, 0.9533976124885216, 0.9612029384756657, 0.9591368227731865, 0.945821854912764, 0.9579889807162535, 0.959366391184573, 0.9637281910009182, 0.9584481175390266, 0.9634986225895317, 0.9664830119375574, 0.9660238751147842, 0.9632690541781451, 0.9630394857667585, 0.9664830119375574, 0.967860422405877, 0.961662075298439, 0.9660238751147842, 0.9664830119375574, 0.9651056014692379, 0.971763085399449, 0.9657943067033976, 0.9696969696969697, 0.9758953168044077, 0.9726813590449954]
3.val_acc_epoch = [0.8000000007947285, 0.9349999992052714, 0.6116666662693023, 0.9416666674613953, 0.8816666674613952, 0.9050000007947286, 0.9383333325386047, 0.9249999992052714, 0.825, 0.7616666674613952, 0.73, 0.8583333325386048, 0.8249999992052715, 0.9533333333333334, 0.27166666666666667, 0.7399999992052714, 0.9383333333333334, 0.9433333333333334, 0.9483333325386047, 0.9583333333333334, 0.9383333333333334, 0.94, 0.9566666666666667, 0.945, 0.9566666666666667, 0.9583333333333334, 0.9583333333333334, 0.9316666666666666, 0.7316666666666667, 0.9516666666666667, 0.8983333333333333, 0.9533333325386047, 0.96, 0.955, 0.9433333325386047, 0.8999999992052714, 0.9416666666666667, 0.9499999992052715, 0.9516666666666667, 0.9400000007947286, 0.9466666674613953, 0.956666665871938, 0.96, 0.9583333333333334, 0.946666665871938, 0.8466666658719381, 0.96, 0.9583333333333334, 0.961666665871938, 0.965]
4.loss_epoch = [1.2120585141650464, 1.1629042767186686, 1.1332924617770836, 1.1226376264439033, 1.0977153274529128, 1.075068382465916, 1.056646575721937, 1.0393838574844725, 1.0173861338963084, 0.9994575824071991, 0.9920476699663587, 0.9885803768676393, 0.9494678323919122, 0.9333914683651114, 0.9062225558103171, 1.1986019807304122, 0.9035282472167352, 0.8713220535778364, 0.853720465693811, 0.8333308039946333, 0.8179744439348373, 0.7995743033424006, 0.7903260921424852, 0.7832071400214161, 0.7518237912950437, 0.7356417920197557, 0.73211353097737, 0.708152294651536, 0.6970527222443328, 0.7168335792009057, 0.674392498995428, 0.6633195645005687, 0.6400940642650244, 0.6391252381085692, 0.6166089772083433, 0.601814823373947, 0.5941521818206549, 0.5870548863275211, 0.5771600227491696, 0.5618663526544667, 0.5502841721662586, 0.5505914112862587, 0.5339789426961659, 0.5218397539290296, 0.5177026114078483, 0.4938097804155341, 0.5007111008721169, 0.48308649369069917, 0.4633949448254483, 0.4598590700696432]
5.vall_loss_epoch = [0.6432113647460938, 0.6040045412381491, 0.7076065731048584, 0.5828224841753642, 0.5947653937339783, 0.5789468518892924, 0.557190105120341, 0.553288775285085, 0.592546424070994, 0.6199434304237366, 0.6230292789141337, 0.5570637392997742, 0.5668831213315328, 0.48601642608642576, 0.9760854276021321, 0.6153097573916118, 0.47258748014767965, 0.4622758404413859, 0.4477533264954885, 0.4339942451318105, 0.4382156980037689, 0.4318892300128937, 0.413217103878657, 0.40928645730018615, 0.39370216727256774, 0.3838101355234782, 0.3800220584869385, 0.39620916803677875, 0.5812296644846598, 0.3631584632396698, 0.41031514445940653, 0.34614022692044577, 0.3367575685183207, 0.332582897345225, 0.33412806391716005, 0.3823884912331899, 0.3265976333618164, 0.31814020037651064, 0.3119632617632548, 0.32606982509295146, 0.30445894598960876, 0.2844314932823181, 0.2827381028731664, 0.27875473876794177, 0.2901587937275569, 0.41375927011171976, 0.263263943195343, 0.2573533304532369, 0.24984992881615956, 0.2486815462509791]
Figure name: 
C:\Users\Flori\Documents\GitHub\figs\2019_1_7_RUNEXPERIMENT_FigureLOSS&ACC0758.png
 NONE 