Floris Fok 
2019/1/5      At: 5:14:4
 
 
 The params where: 
1.Data = ISIC
2.data_name = two
3.style = FT
4.model = None
5.file_path = C:\ISIC
6.pickle_path = C:\pickles\save_melanoom_color_
7.model_path = {'Nat': 'C:\\models\\Epochs_50_Nat', 'KaggleDR': 'C:\\models\\Epochs_50_kaggleDR.json', 'Chest': 'C:\\models\\Epochs_50_Chest.json', 'CatDog': 'C:\\models\\Epochs_40_CatDog.json'}
8.RandomSeed = 5
9.doc_path = C:\Users\Flori\Documents\GitHub\t
10.img_size_x = 224
11.img_size_y = 224
12.norm = False
13.color = True
14.pretrain = None
15.equal_data = False
16.shuffle = True
17.epochs = 50
18.val_size = 200
19.test_size = 400
20.Batch_size = 32
21.stop = yes 
 
 
 The results where: 
1.score = 0.8152953823845597
2.acc_epoch = [0.5345149253731343, 0.5746268656716418, 0.5946828358208955, 0.6077425373134329, 0.621268656716418, 0.6161380597014925, 0.6352611940298507, 0.6441231343283582, 0.65625, 0.6539179104477612, 0.6431902985074627, 0.6688432835820896, 0.6702425373134329, 0.6763059701492538, 0.6851679104477612, 0.6791044776119403, 0.6884328358208955, 0.7024253731343284, 0.6935634328358209, 0.7080223880597015, 0.7061567164179104, 0.7159514925373134, 0.7201492537313433, 0.7234141791044776, 0.7280783582089553, 0.738339552238806, 0.7294776119402985, 0.7215485074626866, 0.753731343283582, 0.7602611940298507, 0.7406716417910447, 0.7644589552238806, 0.761660447761194, 0.7630597014925373, 0.7723880597014925, 0.7583955223880597, 0.7761194029850746, 0.8003731343283582, 0.7887126865671642, 0.7840485074626866, 0.7896455223880597, 0.7999067164179104, 0.8246268656716418, 0.7901119402985075, 0.8283582089552238, 0.8106343283582089, 0.816231343283582, 0.8255597014925373, 0.832089552238806, 0.8348880597014925]
3.val_acc_epoch = [0.455, 0.53, 0.65, 0.555, 0.555, 0.615, 0.64, 0.695, 0.68, 0.665, 0.69, 0.635, 0.655, 0.635, 0.7, 0.675, 0.685, 0.69, 0.68, 0.665, 0.71, 0.745, 0.695, 0.725, 0.635, 0.735, 0.735, 0.775, 0.715, 0.77, 0.74, 0.74, 0.77, 0.755, 0.715, 0.78, 0.675, 0.625, 0.785, 0.79, 0.66, 0.67, 0.795, 0.76, 0.685, 0.78, 0.78, 0.79, 0.775, 0.75]
4.loss_epoch = [0.6906040951387206, 0.6771321830464833, 0.6724877722227751, 0.6631625659430205, 0.6551350461902903, 0.6488739652420158, 0.6466490128147069, 0.6369693848624158, 0.6302018009904605, 0.6250369886853802, 0.6260974674082515, 0.609704085250399, 0.603456851706576, 0.6022559902561244, 0.5931880398472743, 0.5900460423818276, 0.5834820145991311, 0.5764514074396732, 0.5804633596050206, 0.5757503678549581, 0.5677248390752878, 0.5498604903470224, 0.555989537666093, 0.5323693040591567, 0.5318654397530342, 0.5232248555368452, 0.5276148550545992, 0.5374936870674589, 0.5064868846936013, 0.5005031979795712, 0.5082151916489672, 0.5022174351250948, 0.4903395807565148, 0.4966737414473918, 0.47140288575371697, 0.48878355746838587, 0.45207681095422203, 0.4527065740592444, 0.45253189908924385, 0.46845137939524295, 0.4350151163873388, 0.4398096279421849, 0.38495131771066293, 0.4373370724827496, 0.38626225581809653, 0.4119197263646482, 0.3952959698082796, 0.38923760959461556, 0.3746299565728031, 0.36818611443932375]
5.vall_loss_epoch = [0.7060199975967407, 0.6836801862716675, 0.6510613775253296, 0.6696384668350219, 0.6734249806404113, 0.6575818347930908, 0.6375209498405456, 0.6092305135726929, 0.6068336367607117, 0.6263267302513122, 0.5934612345695496, 0.6407018446922302, 0.6525921440124511, 0.6052760744094848, 0.6004967594146728, 0.5861738014221192, 0.5777426648139954, 0.5683605194091796, 0.5859791803359985, 0.6778540325164795, 0.5452116978168488, 0.5438577890396118, 0.5558257317543029, 0.5384594893455505, 0.6594704866409302, 0.5209532594680786, 0.5598840403556824, 0.5408992433547973, 0.5408526206016541, 0.5163790512084961, 0.5256749486923218, 0.500038251876831, 0.504562281370163, 0.5075466156005859, 0.55781991481781, 0.5156995880603791, 0.5814702367782593, 0.7369187498092651, 0.4911632966995239, 0.4944975745677948, 0.6372283077239991, 0.6865235233306884, 0.4745937657356262, 0.48081750273704527, 0.5702447485923767, 0.4841667592525482, 0.502279143333435, 0.5192330431938171, 0.49819211721420287, 0.5539419209957123]
Figure name: 
C:\Users\Flori\Documents\GitHub\figs\2019_1_5_RUNEXPERIMENT_FigureLOSS&ACC0514.png
 NONE 