Floris Fok 
2019/1/6      At: 2:6:33
 
 
 The params where: 
1.Data = ISIC
2.data_name = two
3.style = FT
4.model = Nat
5.file_path = C:\ISIC
6.pickle_path = C:\pickles\save_melanoom_color_
7.model_path = {'Nat': 'C:\\models\\Epochs_18_Nat.json', 'KaggleDR': 'C:\\models\\Epochs_50_kaggleDR.json', 'Chest': 'C:\\models\\Epochs_50_Chest.json', 'CatDog': 'C:\\models\\Epochs_40_CatDog.json'}
8.RandomSeed = 2
9.doc_path = C:\Users\Flori\Documents\GitHub\t
10.img_size_x = 224
11.img_size_y = 224
12.norm = False
13.color = True
14.pretrain = None
15.equal_data = False
16.shuffle = True
17.epochs = 50
18.val_size = 200
19.test_size = 400
20.Batch_size = 32
21.stop = yes 
 
 
 The results where: 
1.score = 0.8023930657048856
2.acc_epoch = [0.5060634328358209, 0.5326492537313433, 0.5886194029850746, 0.6217350746268657, 0.6319962686567164, 0.6436567164179104, 0.6567164179104478, 0.6557835820895522, 0.6763059701492538, 0.6898320895522388, 0.6944962686567164, 0.7005597014925373, 0.7103544776119403, 0.7154850746268657, 0.7276119402985075, 0.7271455223880597, 0.7350746268656716, 0.7280783582089553, 0.7397388059701493, 0.7434701492537313, 0.7397388059701493, 0.7434701492537313, 0.7593283582089553, 0.7327425373134329, 0.7621268656716418, 0.7630597014925373, 0.7392723880597015, 0.7532649253731343, 0.7700559701492538, 0.7565298507462687, 0.7728544776119403, 0.7905783582089553, 0.789179104477612, 0.7761194029850746, 0.7705223880597015, 0.7933768656716418, 0.8041044776119403, 0.7793843283582089, 0.816231343283582, 0.7957089552238806, 0.7999067164179104, 0.8092350746268657, 0.7999067164179104, 0.7798507462686567, 0.8041044776119403, 0.7952425373134329, 0.8185634328358209, 0.8297574626865671, 0.8512126865671642, 0.8171641791044776]
3.val_acc_epoch = [0.56, 0.515, 0.59, 0.58, 0.58, 0.625, 0.62, 0.62, 0.6, 0.61, 0.605, 0.665, 0.65, 0.7, 0.665, 0.645, 0.69, 0.73, 0.695, 0.68, 0.71, 0.655, 0.68, 0.75, 0.615, 0.515, 0.68, 0.66, 0.71, 0.63, 0.665, 0.75, 0.725, 0.74, 0.75, 0.72, 0.74, 0.77, 0.57, 0.655, 0.73, 0.75, 0.595, 0.74, 0.75, 0.695, 0.71, 0.715, 0.74, 0.725]
4.loss_epoch = [1.3903618357074794, 1.382698420268386, 1.373164959807894, 1.366151646002015, 1.3632265275983668, 1.3606025158469357, 1.3563434739611042, 1.355884817109179, 1.3504331770227915, 1.345423057897767, 1.3431305084655534, 1.3392412004186147, 1.3364583253860474, 1.3324846794356162, 1.3272484202883137, 1.3255396156168695, 1.321715458115535, 1.3183050582657998, 1.3134880724237925, 1.3099784068207243, 1.3090220031453603, 1.3032422510545645, 1.295178883111299, 1.3006072578145498, 1.2882990481248542, 1.2854220671440237, 1.2906950498694805, 1.2818652925206655, 1.2730341615961558, 1.2736394761213616, 1.2655060842855652, 1.2512135576845995, 1.2525824432942405, 1.2499184074686533, 1.2510539115364872, 1.235790185074308, 1.2243389175898993, 1.2338109176550338, 1.2100200955547504, 1.217738180018183, 1.2115810913826102, 1.2015181601937137, 1.2019273327357733, 1.2115629164140616, 1.1952110297644316, 1.1917427724866725, 1.1716867845449874, 1.1605674259698213, 1.1362490831916012, 1.155982522822138]
5.vall_loss_epoch = [0.6905437755584717, 0.692879147529602, 0.6888365173339843, 0.6880064272880554, 0.6855719995498657, 0.6834591293334961, 0.684316680431366, 0.6813955211639404, 0.6831049799919129, 0.6817272973060607, 0.6823107719421386, 0.6753676223754883, 0.6733972191810608, 0.6694692397117614, 0.6718349552154541, 0.6746218347549439, 0.6670402526855469, 0.6617394638061523, 0.6637344431877136, 0.6633123445510865, 0.660754554271698, 0.6693528270721436, 0.6636604499816895, 0.6528193664550781, 0.6729780197143554, 0.7002166509628296, 0.6630016636848449, 0.6612082481384277, 0.6532043123245239, 0.6704600024223327, 0.6593977785110474, 0.639760103225708, 0.6440723180770874, 0.6388345694541931, 0.6323226857185363, 0.6387768602371215, 0.636089277267456, 0.6242142391204833, 0.6855893111228943, 0.660811743736267, 0.6333630561828614, 0.6270452642440796, 0.6775522089004516, 0.6221436834335328, 0.6185812950134277, 0.6413262224197388, 0.6291162705421448, 0.6269734668731689, 0.618011589050293, 0.6242066764831543]
Figure name: 
C:\Users\Flori\Documents\GitHub\figs\2019_1_6_RUNEXPERIMENT_FigureLOSS&ACC026.png
 NONE 