Floris Fok 
2019/1/9      At: 11:15:12
 
 
 The params where: 
1.Data = ISIC
2.data_name = two_combined
3.style = FT
4.model = Nat
5.file_path = C:\ISIC
6.pickle_path = C:\pickles\save_melanoom_color_
7.model_path = {'Nat': 'C:\\models\\Epochs_50_Nat.json', 'KaggleDR': 'C:\\models\\Epochs_50_kaggleDR.json', 'Chest': 'C:\\models\\Epochs_50_Chest.json', 'CatDog': 'C:\\models\\Epochs_40_CatDog.json'}
8.RandomSeed = 5
9.doc_path = C:\Users\Flori\Documents\GitHub\t
10.img_size_x = 224
11.img_size_y = 224
12.norm = False
13.color = True
14.pretrain = None
15.equal_data = False
16.shuffle = True
17.epochs = 50
18.val_size = 200
19.test_size = 400
20.Batch_size = 32
21.stop = yes 
 
 
 The results where: 
1.score = 0.7664875000000001
2.acc_epoch = [0.5797574626865671, 0.5965485074626866, 0.6044776119402985, 0.6226679104477612, 0.6203358208955224, 0.6296641791044776, 0.6389925373134329, 0.6646455223880597, 0.6791044776119403, 0.6735074626865671, 0.679570895522388, 0.6819029850746269, 0.7042910447761194, 0.7052238805970149, 0.7052238805970149, 0.7285447761194029, 0.7290111940298507, 0.7234141791044776, 0.7346082089552238, 0.746268656716418, 0.7341417910447762, 0.7350746268656716, 0.7532649253731343, 0.746268656716418, 0.7728544776119403, 0.7541977611940298, 0.7602611940298507, 0.7761194029850746, 0.769589552238806, 0.7691231343283582, 0.7677238805970149, 0.7915111940298507, 0.7854477611940298, 0.7798507462686567, 0.7798507462686567, 0.7943097014925373, 0.7905783582089553, 0.7882462686567164, 0.7989738805970149, 0.8166977611940298, 0.8111007462686567, 0.78125, 0.8003731343283582, 0.800839552238806, 0.804570895522388, 0.820429104477612, 0.8176305970149254, 0.8143656716417911, 0.8148320895522388, 0.8222947761194029]
3.val_acc_epoch = [0.58, 0.615, 0.595, 0.485, 0.605, 0.66, 0.61, 0.615, 0.64, 0.68, 0.63, 0.635, 0.66, 0.67, 0.655, 0.67, 0.665, 0.67, 0.665, 0.655, 0.69, 0.665, 0.7, 0.68, 0.63, 0.67, 0.66, 0.675, 0.68, 0.68, 0.69, 0.68, 0.685, 0.655, 0.66, 0.67, 0.685, 0.69, 0.68, 0.685, 0.685, 0.695, 0.695, 0.675, 0.7, 0.68, 0.705, 0.695, 0.695, 0.67]
4.loss_epoch = [0.6858951200300188, 0.6818240436155405, 0.6774418460789011, 0.6737219984851667, 0.6736269281871283, 0.6722799575150903, 0.6700018893426923, 0.6651037531112557, 0.6629318408112028, 0.6634370346567524, 0.6620244926481105, 0.6593625385369828, 0.6559812818000565, 0.6545712529723324, 0.6548185304029664, 0.6505684105317984, 0.6498834926690629, 0.6493633469538902, 0.6471478182878068, 0.6445482266483022, 0.6462202347926239, 0.6451762158479264, 0.6410324066432554, 0.6414666149153638, 0.635279182177871, 0.6383808014997795, 0.6377663834771113, 0.6332963509346122, 0.6331673780483986, 0.6343404125811448, 0.6324813357040063, 0.6279451144275381, 0.62835879379244, 0.6282953015014306, 0.6276642617894642, 0.6227891231650737, 0.6240837075817052, 0.6237207606657228, 0.6205121563441718, 0.6146347647282615, 0.6160712188749171, 0.6229225317044045, 0.6169233935982433, 0.6160057658579812, 0.6146429981758346, 0.608983918802062, 0.6095709435975374, 0.6092558485358509, 0.608383450935136, 0.6038789233165001]
5.vall_loss_epoch = [0.6836963558197021, 0.6762661671638489, 0.6746734571456909, 0.6976982259750366, 0.6719934868812562, 0.669608187675476, 0.6751675128936767, 0.6750489664077759, 0.6696832513809204, 0.6651488065719604, 0.6685964059829712, 0.6678435230255126, 0.6674320411682129, 0.6612126994132995, 0.6608370447158813, 0.661081874370575, 0.6604536557197571, 0.6580248594284057, 0.6578667616844177, 0.6637959384918213, 0.6543415355682373, 0.6583986234664917, 0.65301109790802, 0.6566838836669922, 0.6635660552978515, 0.6566079735755921, 0.6616448974609375, 0.6587400531768799, 0.6515831327438355, 0.6540393781661987, 0.6549312233924866, 0.6535282468795777, 0.6551372480392456, 0.652624716758728, 0.6514104843139649, 0.6567583274841309, 0.6471990442276001, 0.6464228129386902, 0.6482306861877442, 0.64550124168396, 0.6472089815139771, 0.6476078462600708, 0.6448831272125244, 0.6466813397407531, 0.6496072149276734, 0.6460859847068786, 0.6464455509185791, 0.6479484605789184, 0.6400452208518982, 0.6490216445922852]
Figure name: 
C:\Users\Flori\Documents\GitHub\figs\2019_1_9_RUNEXPERIMENT_FigureLOSS&ACC01115.png
 NONE 