Floris Fok 
2019/1/5      At: 17:43:10
 
 
 The params where: 
1.Data = ISIC
2.data_name = three
3.style = SVM
4.model = Nat
5.file_path = C:\ISIC
6.pickle_path = C:\pickles\save_melanoom_color_
7.model_path = {'Nat': 'C:\\models\\Epochs_50_Nat.json', 'KaggleDR': 'C:\\models\\Epochs_50_kaggleDR.json', 'Chest': 'C:\\models\\Epochs_50_Chest.json', 'CatDog': 'C:\\models\\Epochs_40_CatDog.json'}
8.RandomSeed = 2
9.doc_path = C:\Users\Flori\Documents\GitHub\t
10.img_size_x = 224
11.img_size_y = 224
12.norm = False
13.color = True
14.pretrain = None
15.equal_data = False
16.shuffle = True
17.epochs = 50
18.val_size = 200
19.test_size = 400
20.Batch_size = 32
21.stop = yes 
 
 
 The results where: 
1.score = 0.8137249447167895
2.acc_epoch = [0.4240614336505278, 0.46416382255950206, 0.4911831626170596, 0.494596131900336, 0.5130830489531312, 0.5196245734466493, 0.5307167234477737, 0.5383959045046697, 0.5455062571781623, 0.5628555174302458, 0.565984072708297, 0.5534698523080932, 0.5691126279185386, 0.5711035267688308, 0.5810580202743869, 0.5824800910803238, 0.5827645050516443, 0.5890216154721274, 0.5867463025488002, 0.5984072807977089, 0.603242320751303, 0.6021046643235443, 0.6012514220705347, 0.6114903301237928, 0.6103526734926052, 0.6103526732891764, 0.6197383390894251, 0.6245733787717809, 0.6291240044150065, 0.6146188851645104, 0.643060295655052, 0.6464732652095668, 0.63993174051262, 0.6453356085783792, 0.6373720135840675, 0.6530147897369897, 0.6524459611840623, 0.650170648260735, 0.6695108078038733, 0.6527303752231923, 0.6587030718079742, 0.6604095563139932, 0.6729237770871498, 0.6882821385906553, 0.6862912402489351, 0.6868600681237664, 0.6976678044587137, 0.6888509672113924, 0.6908418656548271, 0.6769055743130672]
3.val_acc_epoch = [0.54, 0.495, 0.495, 0.525, 0.525, 0.565, 0.545, 0.56, 0.555, 0.555, 0.58, 0.57, 0.57, 0.585, 0.615, 0.565, 0.595, 0.57, 0.58, 0.61, 0.6, 0.535, 0.615, 0.6, 0.595, 0.595, 0.625, 0.6, 0.63, 0.635, 0.65, 0.64, 0.64, 0.63, 0.625, 0.645, 0.615, 0.625, 0.555, 0.645, 0.62, 0.645, 0.65, 0.655, 0.65, 0.665, 0.64, 0.605, 0.615, 0.67]
4.loss_epoch = [1.080681337838287, 1.0580232936774505, 1.0444155611411432, 1.0407997064623002, 1.0338221327301043, 1.0327944288346005, 1.0271484078807636, 1.0248539849895395, 1.0234311555975262, 1.0151498474358698, 1.014126204250887, 1.0154091404566585, 1.0114417565696203, 1.0105756235068433, 1.006875557636374, 1.004971162993482, 1.0041471952328773, 1.0006894984614185, 1.0015660410448146, 0.998349784855414, 0.9949753005078764, 0.993762089802001, 0.9960676911747903, 0.9926294960395197, 0.9883654921806171, 0.9883110378789414, 0.9857215831168546, 0.9833458992943964, 0.979181546671263, 0.9848195124540449, 0.9761422196481551, 0.9753601146910649, 0.9728092767544031, 0.9727523183117411, 0.9739460109715034, 0.96806695735224, 0.964813885564012, 0.9685441944515067, 0.9580103780764904, 0.9645863806021499, 0.960333795474251, 0.9603270724229303, 0.9541110011226623, 0.9467976466923173, 0.9482587525733366, 0.9475996910644201, 0.9434100460002582, 0.9446450454247554, 0.9441916250938441, 0.9465854458841447]
5.vall_loss_epoch = [1.0424612808227538, 1.0481211280822753, 1.0327660417556763, 1.0337797737121581, 1.0237348556518555, 1.0206085014343262, 1.0188814735412597, 1.0126452922821045, 1.0177285981178283, 1.0114500904083252, 1.0050180339813233, 1.0125540208816528, 1.0033447265625, 0.999085340499878, 0.9966795921325684, 1.006438317298889, 0.9975915575027465, 1.0110930061340333, 1.0069196271896361, 0.9911370849609376, 0.9879423379898071, 1.0325777006149293, 0.9958018732070922, 0.9885874223709107, 0.987929573059082, 0.9982863807678223, 0.9813285350799561, 0.9894142150878906, 0.9836565923690795, 0.979477834701538, 0.9750294303894043, 0.9829055404663086, 0.9815139675140381, 0.9774249458312988, 0.9758408832550048, 0.9781019830703735, 0.972334566116333, 0.9730956935882569, 1.0091484355926514, 0.9680042171478271, 0.9738324165344239, 0.970787706375122, 0.9630735874176025, 0.9578316068649292, 0.9558531856536865, 0.9579111528396607, 0.9614473724365235, 0.9877733612060546, 0.9710955333709717, 0.9594808197021485]
Figure name: 
C:\Users\Flori\Documents\GitHub\figs\2019_1_5_RUNEXPERIMENT_FigureLOSS&ACC01743.png
 NONE 