Floris Fok 
2019/1/9      At: 10:35:17
 
 
 The params where: 
1.Data = ISIC
2.data_name = two_combined
3.style = FT
4.model = Nat
5.file_path = C:\ISIC
6.pickle_path = C:\pickles\save_melanoom_color_
7.model_path = {'Nat': 'C:\\models\\Epochs_50_Nat.json', 'KaggleDR': 'C:\\models\\Epochs_50_kaggleDR.json', 'Chest': 'C:\\models\\Epochs_50_Chest.json', 'CatDog': 'C:\\models\\Epochs_40_CatDog.json'}
8.RandomSeed = 7
9.doc_path = C:\Users\Flori\Documents\GitHub\t
10.img_size_x = 224
11.img_size_y = 224
12.norm = False
13.color = True
14.pretrain = None
15.equal_data = False
16.shuffle = True
17.epochs = 50
18.val_size = 200
19.test_size = 400
20.Batch_size = 32
21.stop = yes 
 
 
 The results where: 
1.score = 0.7742753945736164
2.acc_epoch = [0.5065298507462687, 0.5802238805970149, 0.6035447761194029, 0.6114738805970149, 0.613339552238806, 0.6236007462686567, 0.6259328358208955, 0.6380597014925373, 0.6422574626865671, 0.6604477611940298, 0.6557835820895522, 0.6707089552238806, 0.6730410447761194, 0.6753731343283582, 0.6823694029850746, 0.6949626865671642, 0.6805037313432836, 0.6963619402985075, 0.6977611940298507, 0.7066231343283582, 0.7024253731343284, 0.7164179104477612, 0.7159514925373134, 0.7276119402985075, 0.730410447761194, 0.7360074626865671, 0.7327425373134329, 0.7332089552238806, 0.7476679104477612, 0.7602611940298507, 0.7476679104477612, 0.7602611940298507, 0.7658582089552238, 0.7532649253731343, 0.7639925373134329, 0.7779850746268657, 0.7770522388059702, 0.7821828358208955, 0.7817164179104478, 0.789179104477612, 0.7835820895522388, 0.7994402985074627, 0.7840485074626866, 0.7835820895522388, 0.7989738805970149, 0.7915111940298507, 0.7868470149253731, 0.7919776119402985, 0.7994402985074627, 0.8050373134328358]
3.val_acc_epoch = [0.64, 0.635, 0.66, 0.66, 0.645, 0.67, 0.665, 0.68, 0.645, 0.68, 0.685, 0.685, 0.68, 0.685, 0.705, 0.685, 0.69, 0.695, 0.67, 0.66, 0.665, 0.69, 0.695, 0.675, 0.685, 0.71, 0.67, 0.67, 0.675, 0.665, 0.69, 0.665, 0.685, 0.705, 0.65, 0.685, 0.7, 0.655, 0.715, 0.7, 0.705, 0.7, 0.725, 0.65, 0.7, 0.64, 0.675, 0.7, 0.715, 0.665]
4.loss_epoch = [0.6938804147848442, 0.6854720427029168, 0.6832130453479823, 0.6816947611410227, 0.6760003691288963, 0.6736691229378999, 0.6720529011826017, 0.6694307238308351, 0.6680156170432248, 0.6647273364351757, 0.6645163706879118, 0.66182981587168, 0.6602848172187805, 0.660662675081794, 0.6582888249141067, 0.6559456675799925, 0.6573654617836227, 0.6545364198400013, 0.6533659652097902, 0.6527144188311562, 0.6529921560145137, 0.6494575463124176, 0.6487354974248516, 0.647360580181008, 0.6466042025765376, 0.6453749421817153, 0.6457033993592903, 0.6447386287931186, 0.6406497679539581, 0.6388762726712582, 0.6395293936800601, 0.6378367018343797, 0.6369890730772445, 0.638344706884071, 0.6350557154683925, 0.6319852053229489, 0.6319958701062558, 0.629191154864297, 0.628579514240151, 0.6260614955603186, 0.6271855297373302, 0.6234650745320676, 0.6264251835310637, 0.6244224274336402, 0.6209484303175513, 0.6221040905411563, 0.6230641719120652, 0.6204758161929116, 0.6184133371310447, 0.6164208410391167]
5.vall_loss_epoch = [0.6843541836738587, 0.6815763092041016, 0.6815000009536744, 0.6800440931320191, 0.6711150860786438, 0.6676099586486817, 0.6672504234313965, 0.6648695659637451, 0.6685844230651855, 0.6643924283981323, 0.6642862629890441, 0.6623170876502991, 0.6629834198951721, 0.6611710953712463, 0.6607611751556397, 0.6599458622932434, 0.661196563243866, 0.6597352933883667, 0.6597460412979126, 0.6623815631866455, 0.6582882285118103, 0.6566820406913757, 0.6564727020263672, 0.6569366955757141, 0.6594748401641846, 0.6546047854423523, 0.6605164909362793, 0.6574764442443848, 0.6564868927001953, 0.6601698470115661, 0.655660810470581, 0.6569920682907104, 0.652819595336914, 0.6484708714485169, 0.6599359512329102, 0.6505260848999024, 0.6506233263015747, 0.6589043092727661, 0.6481164836883545, 0.6474048829078675, 0.6444648790359497, 0.6496384906768798, 0.6442333745956421, 0.6550336742401123, 0.6501356887817383, 0.6580751800537109, 0.6519099569320679, 0.6424619007110596, 0.6392293906211853, 0.6503674340248108]
Figure name: 
C:\Users\Flori\Documents\GitHub\figs\2019_1_9_RUNEXPERIMENT_FigureLOSS&ACC01035.png
 NONE 