Floris Fok 
2019/1/5      At: 15:43:49
 
 
 The params where: 
1.Data = ISIC
2.data_name = two
3.style = SVM
4.model = Nat
5.file_path = C:\ISIC
6.pickle_path = C:\pickles\save_melanoom_color_
7.model_path = {'Nat': 'C:\\models\\Epochs_50_Nat.json', 'KaggleDR': 'C:\\models\\Epochs_50_kaggleDR.json', 'Chest': 'C:\\models\\Epochs_50_Chest.json', 'CatDog': 'C:\\models\\Epochs_40_CatDog.json'}
8.RandomSeed = 2
9.doc_path = C:\Users\Flori\Documents\GitHub\t
10.img_size_x = 224
11.img_size_y = 224
12.norm = False
13.color = True
14.pretrain = None
15.equal_data = False
16.shuffle = True
17.epochs = 50
18.val_size = 200
19.test_size = 400
20.Batch_size = 32
21.stop = yes 
 
 
 The results where: 
1.score = 0.7759420978880992
2.acc_epoch = [0.5629664179104478, 0.6096082089552238, 0.6180037313432836, 0.6501865671641791, 0.6683768656716418, 0.6744402985074627, 0.6772388059701493, 0.6958955223880597, 0.7052238805970149, 0.7038246268656716, 0.7038246268656716, 0.7080223880597015, 0.7061567164179104, 0.7019589552238806, 0.7243470149253731, 0.7201492537313433, 0.6856343283582089, 0.7084888059701493, 0.7122201492537313, 0.7201492537313433, 0.7173507462686567, 0.7378731343283582, 0.7341417910447762, 0.75, 0.7467350746268657, 0.75, 0.7504664179104478, 0.7677238805970149, 0.7649253731343284, 0.7653917910447762, 0.7700559701492538, 0.7868470149253731, 0.7901119402985075, 0.784981343283582, 0.7751865671641791, 0.7859141791044776, 0.7957089552238806, 0.8148320895522388, 0.8041044776119403, 0.8064365671641791, 0.8106343283582089, 0.8129664179104478, 0.8264925373134329, 0.8176305970149254, 0.8544776119402985, 0.8488805970149254, 0.8362873134328358, 0.8488805970149254, 0.8381529850746269, 0.8302238805970149]
3.val_acc_epoch = [0.605, 0.615, 0.59, 0.63, 0.625, 0.6, 0.645, 0.66, 0.63, 0.675, 0.645, 0.625, 0.675, 0.695, 0.69, 0.68, 0.685, 0.655, 0.695, 0.68, 0.72, 0.625, 0.64, 0.67, 0.645, 0.715, 0.745, 0.735, 0.725, 0.715, 0.735, 0.745, 0.695, 0.61, 0.77, 0.69, 0.715, 0.715, 0.665, 0.745, 0.73, 0.73, 0.745, 0.735, 0.72, 0.705, 0.73, 0.765, 0.745, 0.645]
4.loss_epoch = [0.689879791950112, 0.6778205748814256, 0.6750059190081127, 0.6685673736814243, 0.664870407154311, 0.6622817694251217, 0.6613483624671822, 0.6564864276060417, 0.6542090337667892, 0.6528961809713449, 0.6509426191671571, 0.6467425983343551, 0.6469780082133278, 0.6434240590280561, 0.6386656245188926, 0.6352368940168353, 0.6398652845354222, 0.6278636508913182, 0.6276458688636324, 0.6250410836134384, 0.6213740172670849, 0.6140824707586374, 0.6121566669264836, 0.606075261066209, 0.60878524762481, 0.602738820794803, 0.5986271856436088, 0.5931385221766002, 0.5902158902652228, 0.594774834255674, 0.5887381425544397, 0.5805422121019506, 0.5763040469653571, 0.5781276524066925, 0.5806143515145601, 0.5785085914739921, 0.571896625988519, 0.5623330869781438, 0.5643644426296006, 0.5603204934454676, 0.5591793776448093, 0.5551780640189328, 0.5472961139323106, 0.5497123768080526, 0.5317593261377135, 0.5343620003159366, 0.5389669613162084, 0.5285316323166462, 0.5320968894816157, 0.5362178336328535]
5.vall_loss_epoch = [0.6815927171707153, 0.6783600234985352, 0.680336012840271, 0.6727666997909546, 0.6703148460388184, 0.6755489850044251, 0.6692188644409179, 0.6631892347335815, 0.6753023147583008, 0.6640311431884766, 0.6620143628120423, 0.6613786315917969, 0.654085009098053, 0.6478370642662048, 0.649113974571228, 0.6538054203987121, 0.6435299825668335, 0.650964481830597, 0.6380689430236817, 0.6363773798942566, 0.631464593410492, 0.6613506174087525, 0.6575797080993653, 0.6401364660263061, 0.6548894453048706, 0.6300723934173584, 0.6201091313362121, 0.6160657405853271, 0.6160645914077759, 0.6255140638351441, 0.6115493440628051, 0.6078887915611267, 0.6304681301116943, 0.6692417764663696, 0.6008498048782349, 0.6217269539833069, 0.6088930654525757, 0.6098397493362426, 0.6310514831542968, 0.5970067882537842, 0.5962995147705078, 0.6005406045913696, 0.5969478559494018, 0.602652702331543, 0.5989281153678894, 0.6039861345291138, 0.5975836801528931, 0.5814962911605835, 0.5942026567459107, 0.6451575565338135]
Figure name: 
C:\Users\Flori\Documents\GitHub\figs\2019_1_5_RUNEXPERIMENT_FigureLOSS&ACC01543.png
 NONE 