Floris Fok 
2019/1/6      At: 4:8:11
 
 
 The params where: 
1.Data = ISIC
2.data_name = two
3.style = FT
4.model = Nat
5.file_path = C:\ISIC
6.pickle_path = C:\pickles\save_melanoom_color_
7.model_path = {'Nat': 'C:\\models\\Epochs_30_Nat.json', 'KaggleDR': 'C:\\models\\Epochs_50_kaggleDR.json', 'Chest': 'C:\\models\\Epochs_50_Chest.json', 'CatDog': 'C:\\models\\Epochs_40_CatDog.json'}
8.RandomSeed = 2
9.doc_path = C:\Users\Flori\Documents\GitHub\t
10.img_size_x = 224
11.img_size_y = 224
12.norm = False
13.color = True
14.pretrain = None
15.equal_data = False
16.shuffle = True
17.epochs = 50
18.val_size = 200
19.test_size = 400
20.Batch_size = 32
21.stop = yes 
 
 
 The results where: 
1.score = 0.8143722804632867
2.acc_epoch = [0.49300373134328357, 0.5284514925373134, 0.5363805970149254, 0.5480410447761194, 0.5648320895522388, 0.5788246268656716, 0.5774253731343284, 0.5886194029850746, 0.6086753731343284, 0.6128731343283582, 0.6240671641791045, 0.6543843283582089, 0.632929104477612, 0.6637126865671642, 0.6791044776119403, 0.6721082089552238, 0.7117537313432836, 0.7178171641791045, 0.7173507462686567, 0.746268656716418, 0.7490671641791045, 0.7472014925373134, 0.7495335820895522, 0.7709888059701493, 0.7691231343283582, 0.7789179104477612, 0.7807835820895522, 0.7938432835820896, 0.7961753731343284, 0.792910447761194, 0.7863805970149254, 0.7957089552238806, 0.8199626865671642, 0.8129664179104478, 0.8166977611940298, 0.8078358208955224, 0.8106343283582089, 0.8376865671641791, 0.8316231343283582, 0.8083022388059702, 0.8614738805970149, 0.8302238805970149, 0.8395522388059702, 0.855410447761194, 0.8502798507462687, 0.8423507462686567, 0.8502798507462687, 0.8512126865671642, 0.8703358208955224, 0.8423507462686567]
3.val_acc_epoch = [0.56, 0.575, 0.585, 0.6, 0.59, 0.62, 0.605, 0.635, 0.535, 0.63, 0.595, 0.655, 0.65, 0.535, 0.64, 0.69, 0.665, 0.655, 0.73, 0.655, 0.72, 0.7, 0.675, 0.67, 0.73, 0.64, 0.65, 0.745, 0.72, 0.71, 0.755, 0.775, 0.72, 0.66, 0.72, 0.75, 0.665, 0.565, 0.595, 0.76, 0.715, 0.615, 0.755, 0.64, 0.75, 0.77, 0.775, 0.67, 0.75, 0.775]
4.loss_epoch = [1.4005458870930458, 1.3795771847909957, 1.3738124192650638, 1.369774592456533, 1.3625068397664313, 1.3568637851458878, 1.3605064865368515, 1.3545692322859124, 1.3459160737137297, 1.3453144920406057, 1.3392371526404994, 1.3290755286145566, 1.3320243465366648, 1.314574750501718, 1.2997211591521305, 1.3025881354488544, 1.2791959011732643, 1.2687772601398069, 1.2651616548424336, 1.245065368823151, 1.2425731224800223, 1.238546709516155, 1.234261322377333, 1.2166145684114142, 1.2124954088410336, 1.2036416334892386, 1.201622824170696, 1.1837650252811944, 1.1824563919608273, 1.1772122543249557, 1.183915809019288, 1.1738311888566657, 1.1538071472253373, 1.1544508667134528, 1.1478415923332101, 1.1433310900161515, 1.14348676311436, 1.1154502932705097, 1.1204836404145653, 1.1317647793399754, 1.0858772859644534, 1.1088853487327917, 1.0964500041150336, 1.0749694233510032, 1.07860232467082, 1.080572694095213, 1.0639616695802603, 1.0603668938821822, 1.0396034877691696, 1.063072638725167]
5.vall_loss_epoch = [0.6895907092094421, 0.6831729364395142, 0.6847471117973327, 0.6829616641998291, 0.6847523927688599, 0.6810177183151245, 0.68017991065979, 0.6767705631256103, 0.7005463218688965, 0.6801949167251586, 0.674544997215271, 0.6741809177398682, 0.6681202387809754, 0.6904751014709473, 0.6626111268997192, 0.652642035484314, 0.6452192449569703, 0.6525435733795166, 0.6314742684364318, 0.6452732086181641, 0.635076584815979, 0.6278395032882691, 0.6423877477645874, 0.6394660615921021, 0.6219929504394531, 0.6503085041046143, 0.6488434910774231, 0.613046932220459, 0.6121134901046753, 0.6138559770584107, 0.6038171696662903, 0.5982875227928162, 0.6106988024711609, 0.6357699060440063, 0.6066031765937805, 0.5891534423828125, 0.6322424364089966, 0.6795509195327759, 0.6742969965934753, 0.5859371089935302, 0.5992855191230774, 0.668254418373108, 0.579971375465393, 0.6425520038604736, 0.5832636976242065, 0.5812096118927002, 0.5760901594161987, 0.6268632698059082, 0.575520167350769, 0.5682970523834229]
Figure name: 
C:\Users\Flori\Documents\GitHub\figs\2019_1_6_RUNEXPERIMENT_FigureLOSS&ACC048.png
 NONE 