Floris Fok 
2019/1/7      At: 0:59:33
 
 
 The params where: 
1.Data = ISIC
2.data_name = two
3.style = FT
4.model = Nat
5.file_path = C:\ISIC
6.pickle_path = C:\pickles\save_melanoom_color_
7.model_path = {'Nat': 'C:\\models\\Epochs_50_Nat.json', 'KaggleDR': 'C:\\models\\Epochs_50_kaggleDR.json', 'Chest': 'C:\\models\\Epochs_50_Chest.json', 'CatDog': 'C:\\models\\Epochs_40_CatDog.json'}
8.RandomSeed = 7
9.doc_path = C:\Users\Flori\Documents\GitHub\t
10.img_size_x = 224
11.img_size_y = 224
12.norm = False
13.color = True
14.pretrain = None
15.equal_data = False
16.shuffle = True
17.epochs = 50
18.val_size = 200
19.test_size = 400
20.Batch_size = 32
21.stop = yes 
 
 
 The results where: 
1.score = 0.8039488229265295
2.acc_epoch = [0.5153917910447762, 0.5732276119402985, 0.5844216417910447, 0.5876865671641791, 0.6077425373134329, 0.6077425373134329, 0.6417910447761194, 0.636660447761194, 0.6375932835820896, 0.6646455223880597, 0.6688432835820896, 0.6772388059701493, 0.6926305970149254, 0.6935634328358209, 0.6996268656716418, 0.695429104477612, 0.7117537313432836, 0.7229477611940298, 0.7262126865671642, 0.7346082089552238, 0.7299440298507462, 0.7392723880597015, 0.7374067164179104, 0.7346082089552238, 0.7402052238805971, 0.7472014925373134, 0.7411380597014925, 0.7551305970149254, 0.7504664179104478, 0.7476679104477612, 0.7672574626865671, 0.777518656716418, 0.75, 0.7779850746268657, 0.792910447761194, 0.7835820895522388, 0.777518656716418, 0.7803171641791045, 0.7910447761194029, 0.7896455223880597, 0.808768656716418, 0.7915111940298507, 0.8036380597014925, 0.7905783582089553, 0.7947761194029851, 0.7966417910447762, 0.816231343283582, 0.8218283582089553, 0.8185634328358209, 0.8078358208955224]
3.val_acc_epoch = [0.525, 0.545, 0.59, 0.555, 0.51, 0.635, 0.635, 0.57, 0.645, 0.58, 0.66, 0.685, 0.685, 0.685, 0.665, 0.695, 0.67, 0.685, 0.67, 0.72, 0.65, 0.705, 0.745, 0.705, 0.61, 0.675, 0.73, 0.69, 0.755, 0.67, 0.715, 0.755, 0.735, 0.645, 0.725, 0.72, 0.745, 0.755, 0.745, 0.71, 0.73, 0.68, 0.75, 0.635, 0.755, 0.75, 0.72, 0.64, 0.745, 0.755]
4.loss_epoch = [1.3872356236870609, 1.37187783753694, 1.364058660037482, 1.3623268195052645, 1.353593708863899, 1.3525562731187735, 1.3424215138848148, 1.3387322781690911, 1.3370416004266312, 1.3293022024097727, 1.3244101680926423, 1.3216501029569712, 1.3142850381224902, 1.3123776681387602, 1.3101261427153403, 1.3084509283749026, 1.301723795150643, 1.294118030747371, 1.2935121949039288, 1.2851920199038378, 1.2857410516311873, 1.2815873124706212, 1.279684986641158, 1.2783503496824806, 1.2754008503102545, 1.2693077574914962, 1.2690942518746675, 1.2577988994655325, 1.2604668620807022, 1.2606630859090322, 1.2463843893648974, 1.2370274316019088, 1.249960418957383, 1.2347288896788413, 1.2218856473467243, 1.2253609628819708, 1.2243501926535991, 1.2225523635522644, 1.2117093783705981, 1.2102924816644014, 1.1943913075461317, 1.2032457572310717, 1.1925186932976566, 1.199277957873558, 1.1913491807766814, 1.1888789703596885, 1.170127315307731, 1.1631840680962178, 1.1626864636122292, 1.1644289546938085]
5.vall_loss_epoch = [0.6941795682907105, 0.6897639632225037, 0.6852438259124756, 0.6890592312812805, 0.6920889568328857, 0.6748290944099427, 0.6752363967895508, 0.6818336200714111, 0.6688135290145873, 0.6794000673294067, 0.6644167709350586, 0.6612168097496033, 0.6591143155097962, 0.6614708971977233, 0.6605313682556152, 0.6535944962501525, 0.6597322702407837, 0.6537408971786499, 0.6592379903793335, 0.6462266421318055, 0.6550220632553101, 0.6424756646156311, 0.6440684986114502, 0.645251281261444, 0.669886770248413, 0.6529675984382629, 0.6359523034095764, 0.6445196533203125, 0.6319385266304016, 0.6496609044075012, 0.6382800722122193, 0.6262444782257081, 0.6302926278114319, 0.6574131369590759, 0.6354815340042115, 0.6260659861564636, 0.6246785831451416, 0.6162961220741272, 0.6181356954574585, 0.6273820734024048, 0.6161751222610473, 0.6396359348297119, 0.6137606048583985, 0.6512937498092651, 0.6125578045845032, 0.6085551071166992, 0.6148824214935302, 0.6471122741699219, 0.6057572174072265, 0.6073767137527466]
Figure name: 
C:\Users\Flori\Documents\GitHub\figs\2019_1_7_RUNEXPERIMENT_FigureLOSS&ACC0059.png
 NONE 