Floris Fok 
2019/1/10      At: 17:39:44
 
 
 The params where: 
1.Data = Blood
2.data_name = None
3.style = FT
4.model = imagenet
5.file_path = C:\blood-cells
6.pickle_path = C:\pickles\Blood
7.model_path = {'Nat': 'C:\\models\\Epochs_50_Nat.json', 'KaggleDR': 'C:\\models\\Epochs_50_kaggleDR.json', 'Chest': 'C:\\models\\Epochs_50_Chest.json', 'CatDog': 'C:\\models\\Epochs_40_CatDog.json'}
8.RandomSeed = 2
9.doc_path = C:\Users\Flori\Documents\GitHub\t
10.img_size_x = 224
11.img_size_y = 224
12.norm = False
13.color = True
14.pretrain = None
15.equal_data = False
16.shuffle = True
17.epochs = 50
18.val_size = 1500
19.test_size = 2000
20.Batch_size = 32
21.stop = yes 
 
 
 The results where: 
1.score = 0.9123170732161607
2.acc_epoch = [0.2750970604481858, 0.3074875207656103, 0.36516916252015635, 0.3967831391760593, 0.43671658348852044, 0.4665557404260006, 0.4927343316826633, 0.515806988339522, 0.5394342762393813, 0.5559622850671981, 0.5775929007111029, 0.6116472545823188, 0.6614531336727237, 0.6946200776748107, 0.7271214641800074, 0.7314475873345742, 0.7393233499524333, 0.7425402107400095, 0.7467554076605218, 0.7476428175329567, 0.7480865224691741, 0.7491957847832708, 0.7498613422404906, 0.7501941209162069, 0.7489739323416089, 0.7487520797941596, 0.7500831946557056, 0.7500831947085994, 0.750194120863313, 0.7501941208368662, 0.7501941209624888, 0.7261231281793058, 0.7406544648404262, 0.7501941209162069, 0.75019412088976, 0.750194120863313, 0.7501941209624888, 0.75019412088976, 0.7501941208368662, 0.7501941208368662, 0.7501941209691005, 0.7501941209162069, 0.7501941209691005, 0.7501941208699248, 0.75019412088976, 0.7501941209624888, 0.7501941209691005, 0.7501941209162069, 0.7501941209624888, 0.75019412088976]
3.val_acc_epoch = [0.30466666690508526, 0.36600000015894574, 0.3853333331743876, 0.4119999997615814, 0.43400000007947287, 0.47866666634877525, 0.5186666663487752, 0.5393333330154418, 0.5533333330154419, 0.5800000004768372, 0.4886666666666667, 0.6433333331743876, 0.6926666665077209, 0.7253333328564961, 0.7353333328564962, 0.744, 0.742, 0.752, 0.7506666666666667, 0.756, 0.7506666666666667, 0.7546666666666667, 0.752, 0.7566666666666667, 0.756, 0.7513333333333333, 0.756, 0.756, 0.7553333333333333, 0.7553333333333333, 0.7553333333333333, 0.756, 0.7573333333333333, 0.7566666666666667, 0.7566666666666667, 0.7566666666666667, 0.7566666666666667, 0.7566666666666667, 0.7566666666666667, 0.7566666666666667, 0.7566666666666667, 0.7566666666666667, 0.7566666666666667, 0.7566666666666667, 0.7566666666666667, 0.7566666666666667, 0.7566666666666667, 0.7566666666666667, 0.7566666666666667, 0.7566666666666667]
4.loss_epoch = [1.385959649826511, 1.3845354350883963, 1.3831079910545963, 1.381061898293392, 1.3779315050218215, 1.3735000965004158, 1.367949601325206, 1.3614105895169892, 1.3544955184178027, 1.3470252598383263, 1.3395225622623548, 1.3305713689664438, 1.3198989559925733, 1.3085363724730243, 1.2942686443783744, 1.2805111564137972, 1.2648505568702686, 1.247942625834951, 1.2298887528119586, 1.2101737790152687, 1.190048404104896, 1.1675731524982125, 1.143756486122567, 1.118196318801482, 1.0924558456910693, 1.064500298330801, 1.0325503869249764, 1.0002401921197697, 0.9663588901856709, 0.9311110115487643, 0.8948198210908781, 0.8983166833222739, 0.8438848536542172, 0.78800127725104, 0.7504270925498049, 0.713819767684323, 0.6783712779887173, 0.644465666364711, 0.6125307706747198, 0.5828271714238015, 0.5556221986173988, 0.5311046792412227, 0.5093069392379892, 0.49012950196639077, 0.4734093616092066, 0.45893054641886544, 0.4464507682119815, 0.4357097878233962, 0.42646743023785627, 0.41850637423945874]
5.vall_loss_epoch = [1.3851320896148682, 1.3838913946151734, 1.3822980648676555, 1.37985933081309, 1.3762754360834757, 1.3710879780451457, 1.3650687278111775, 1.3577351474761963, 1.3495950574874878, 1.3427564945220947, 1.349827867825826, 1.3238258403142293, 1.312128357887268, 1.2995072218577066, 1.2856483386357624, 1.2724519516626993, 1.2602503871917725, 1.2378742774327596, 1.2192294626235962, 1.198743880589803, 1.1782121810913087, 1.1551391684214274, 1.1313979272842407, 1.1051979665756226, 1.07705562432607, 1.0502630971272786, 1.0167131799062092, 0.98379398949941, 0.9492833501497905, 0.9140392033259074, 0.8778248850504557, 0.8455524566968282, 0.8087974462509155, 0.770997014204661, 0.7346269518534343, 0.6993954901695252, 0.6655212554931641, 0.6334400423367819, 0.6035699613889058, 0.5760040796597798, 0.5510728820164998, 0.5288072050412496, 0.5091491759618123, 0.4919776775836945, 0.47712694470087685, 0.46428109987576804, 0.4532701019446055, 0.44378532258669534, 0.43564628473917644, 0.42862502471605934]
Figure name: 
C:\Users\Flori\Documents\GitHub\figs\2019_1_10_RUNEXPERIMENT_FigureLOSS&ACC01739.png
 NONE 