Floris Fok 
2019/1/5      At: 15:6:51
 
 
 The params where: 
1.Data = ISIC
2.data_name = two
3.style = FT
4.model = Nat
5.file_path = C:\ISIC
6.pickle_path = C:\pickles\save_melanoom_color_
7.model_path = {'Nat': 'C:\\models\\Epochs_50_Nat.json', 'KaggleDR': 'C:\\models\\Epochs_50_kaggleDR.json', 'Chest': 'C:\\models\\Epochs_50_Chest.json', 'CatDog': 'C:\\models\\Epochs_40_CatDog.json'}
8.RandomSeed = 2
9.doc_path = C:\Users\Flori\Documents\GitHub\t
10.img_size_x = 224
11.img_size_y = 224
12.norm = False
13.color = True
14.pretrain = None
15.equal_data = False
16.shuffle = True
17.epochs = 50
18.val_size = 200
19.test_size = 400
20.Batch_size = 32
21.stop = yes 
 
 
 The results where: 
1.score = 0.8157779501551395
2.acc_epoch = [0.5522388059701493, 0.6002798507462687, 0.6236007462686567, 0.6417910447761194, 0.6683768656716418, 0.6557835820895522, 0.6763059701492538, 0.6772388059701493, 0.7010261194029851, 0.707089552238806, 0.7061567164179104, 0.7229477611940298, 0.7234141791044776, 0.7332089552238806, 0.7290111940298507, 0.746268656716418, 0.7495335820895522, 0.7653917910447762, 0.7625932835820896, 0.7611940298507462, 0.7845149253731343, 0.7714552238805971, 0.7896455223880597, 0.784981343283582, 0.7793843283582089, 0.7919776119402985, 0.8106343283582089, 0.7989738805970149, 0.7859141791044776, 0.8064365671641791, 0.7980410447761194, 0.8041044776119403, 0.8152985074626866, 0.8059701492537313, 0.8334888059701493, 0.8157649253731343, 0.8316231343283582, 0.8404850746268657, 0.8339552238805971, 0.8348880597014925, 0.8274253731343284, 0.8521455223880597, 0.8325559701492538, 0.8465485074626866, 0.8334888059701493, 0.8549440298507462, 0.8274253731343284, 0.8680037313432836, 0.8381529850746269, 0.867070895522388]
3.val_acc_epoch = [0.565, 0.585, 0.615, 0.585, 0.63, 0.625, 0.64, 0.615, 0.665, 0.615, 0.655, 0.73, 0.67, 0.67, 0.695, 0.705, 0.68, 0.7, 0.715, 0.71, 0.675, 0.72, 0.73, 0.71, 0.725, 0.745, 0.64, 0.735, 0.65, 0.73, 0.715, 0.56, 0.74, 0.67, 0.765, 0.69, 0.655, 0.725, 0.735, 0.72, 0.735, 0.71, 0.72, 0.725, 0.735, 0.75, 0.74, 0.74, 0.745, 0.735]
4.loss_epoch = [0.6895847026981524, 0.674443948624739, 0.6667512317201985, 0.6609432199108067, 0.6534463603105118, 0.6541994258539, 0.6476075453544731, 0.6483699501450382, 0.642726335952531, 0.6408113018790288, 0.6379710266839212, 0.6341385387662631, 0.6307305747003698, 0.628208716413868, 0.6298690669572176, 0.6237049440839397, 0.6205019363716467, 0.6146469561021719, 0.616269233511455, 0.6147318348955753, 0.607409042208942, 0.6104731755470162, 0.6060833735252494, 0.6062036290097592, 0.6048106133048214, 0.6004089188219895, 0.5941136870811234, 0.5971788230227001, 0.5999241604733823, 0.5924605656026015, 0.5952374125594524, 0.5905863340221235, 0.5870645651176795, 0.5865805887464267, 0.5777942538261414, 0.583986430915434, 0.578046314751924, 0.5737379833833495, 0.5726460049401468, 0.5729467174900111, 0.5733264942667378, 0.5644010011829547, 0.5678855936918685, 0.5626537203788757, 0.5671568673048446, 0.5595896475350679, 0.5680549669621596, 0.5524658582993408, 0.560119318873135, 0.5481600610177908]
5.vall_loss_epoch = [0.6821887159347534, 0.6797211408615113, 0.6734340620040894, 0.6775278854370117, 0.6629881811141968, 0.6643782782554627, 0.6629505944252014, 0.6649184322357178, 0.6553329849243164, 0.6638843059539795, 0.6609427690505981, 0.6362333345413208, 0.6495908117294311, 0.6442344570159912, 0.6375035190582276, 0.6351152849197388, 0.6484514617919922, 0.6360408353805542, 0.6325669074058533, 0.6323080658912659, 0.6430117797851562, 0.6262579822540283, 0.6269179344177246, 0.6313357806205749, 0.6267185759544373, 0.6201535367965698, 0.6564525794982911, 0.6247017431259155, 0.6541805148124695, 0.619811339378357, 0.6265207481384277, 0.679870867729187, 0.6144039249420166, 0.6473881268501281, 0.608340458869934, 0.6300571155548096, 0.65232741355896, 0.6140888929367065, 0.6137727880477906, 0.6125865411758423, 0.6079798173904419, 0.6226945400238038, 0.6222400999069214, 0.6135959100723266, 0.6080278635025025, 0.6040620088577271, 0.6039789199829102, 0.6034163713455201, 0.6085275220870972, 0.6026871633529663]
Figure name: 
C:\Users\Flori\Documents\GitHub\figs\2019_1_5_RUNEXPERIMENT_FigureLOSS&ACC0156.png
 NONE 