Floris Fok 
2019/1/5      At: 22:2:22
 
 
 The params where: 
1.Data = ISIC
2.data_name = two
3.style = FT
4.model = imagenet
5.file_path = C:\ISIC
6.pickle_path = C:\pickles\save_melanoom_color_
7.model_path = {'Nat': 'C:\\models\\Epochs_6_Nat.json', 'KaggleDR': 'C:\\models\\Epochs_50_kaggleDR.json', 'Chest': 'C:\\models\\Epochs_50_Chest.json', 'CatDog': 'C:\\models\\Epochs_40_CatDog.json'}
8.RandomSeed = 2
9.doc_path = C:\Users\Flori\Documents\GitHub\t
10.img_size_x = 224
11.img_size_y = 224
12.norm = False
13.color = True
14.pretrain = None
15.equal_data = False
16.shuffle = True
17.epochs = 50
18.val_size = 200
19.test_size = 400
20.Batch_size = 32
21.stop = yes 
 
 
 The results where: 
1.score = 0.9397691645331364
2.acc_epoch = [0.4944029850746269, 0.49953358208955223, 0.5228544776119403, 0.5457089552238806, 0.5480410447761194, 0.5750932835820896, 0.5718283582089553, 0.5783582089552238, 0.6152052238805971, 0.675839552238806, 0.7178171641791045, 0.7402052238805971, 0.7723880597014925, 0.7835820895522388, 0.792910447761194, 0.7999067164179104, 0.808768656716418, 0.8213619402985075, 0.816231343283582, 0.8232276119402985, 0.8232276119402985, 0.8386194029850746, 0.8451492537313433, 0.840018656716418, 0.8372201492537313, 0.8530783582089553, 0.8544776119402985, 0.8493470149253731, 0.8586753731343284, 0.8684701492537313, 0.8838619402985075, 0.8903917910447762, 0.8913246268656716, 0.8796641791044776, 0.8899253731343284, 0.8894589552238806, 0.8941231343283582, 0.9081156716417911, 0.9118470149253731, 0.9263059701492538, 0.9221082089552238, 0.9286380597014925, 0.9305037313432836, 0.9426305970149254, 0.9160447761194029, 0.9305037313432836, 0.9472947761194029, 0.9533582089552238, 0.9505597014925373, 0.9300373134328358]
3.val_acc_epoch = [0.48, 0.485, 0.51, 0.51, 0.53, 0.54, 0.565, 0.595, 0.665, 0.67, 0.7, 0.735, 0.77, 0.775, 0.795, 0.795, 0.805, 0.8, 0.8, 0.805, 0.855, 0.865, 0.875, 0.86, 0.87, 0.855, 0.87, 0.875, 0.875, 0.885, 0.875, 0.86, 0.88, 0.845, 0.86, 0.895, 0.815, 0.87, 0.83, 0.88, 0.875, 0.88, 0.875, 0.9, 0.85, 0.895, 0.89, 0.86, 0.84, 0.865]
4.loss_epoch = [1.3862272714500996, 1.3859013692656559, 1.385588553414416, 1.3852600250671159, 1.3848814181427458, 1.3843808031793852, 1.3834678219325507, 1.3807954218850207, 1.37725651442115, 1.373146612252762, 1.3684261112070795, 1.3630398725395771, 1.356885271285897, 1.3496962661173806, 1.3424649416510739, 1.3344167613271456, 1.3263547794142765, 1.3180393887989557, 1.310552424459315, 1.3020333122851244, 1.2929451412229396, 1.2794920597503434, 1.267796206830153, 1.2612321714856731, 1.252724859251905, 1.235502004623413, 1.2273405114216591, 1.2194504577722123, 1.2033452044672042, 1.186445296700321, 1.166557788848877, 1.147344135526401, 1.135441833467626, 1.126544406164938, 1.1038058177748722, 1.0896389484405518, 1.0693372318993752, 1.0390438722140753, 1.0171814053805905, 0.983333198881861, 0.961994622180711, 0.9311456004185463, 0.9075414476109974, 0.8650464486719956, 0.87930366975158, 0.8319635480197508, 0.780774153880219, 0.7432183036163672, 0.7213601745776276, 0.7279278965138677]
5.vall_loss_epoch = [0.6929441833496094, 0.6928321599960328, 0.6927184915542602, 0.6925873899459839, 0.6924293375015259, 0.6922032165527344, 0.6915893030166625, 0.6901991939544678, 0.6889207983016967, 0.687341845035553, 0.6849410772323609, 0.6823742985725403, 0.6787173390388489, 0.6755397057533264, 0.6712458395957946, 0.66773845911026, 0.6637157392501831, 0.6606562161445617, 0.6560683250427246, 0.6531108140945434, 0.6421448063850402, 0.6344693660736084, 0.6290045452117919, 0.6265556406974793, 0.61850989818573, 0.6160117769241333, 0.6075270414352417, 0.6012510275840759, 0.596987533569336, 0.5867502498626709, 0.5836544823646546, 0.5801608514785767, 0.5685389685630798, 0.5719336581230163, 0.5617476892471314, 0.5433407688140869, 0.5623101520538331, 0.5336154651641846, 0.5449605655670166, 0.5105780911445618, 0.505325379371643, 0.49244519710540774, 0.48470171689987185, 0.46596368074417116, 0.4828695297241211, 0.44489813327789307, 0.4377142858505249, 0.4503933811187744, 0.4658606958389282, 0.42712345600128176]
Figure name: 
C:\Users\Flori\Documents\GitHub\figs\2019_1_5_RUNEXPERIMENT_FigureLOSS&ACC0222.png
 NONE 