Floris Fok 
2019/1/6      At: 12:27:48
 
 
 The params where: 
1.Data = Blood
2.data_name = None
3.style = FT
4.model = Nat
5.file_path = C:\blood-cells
6.pickle_path = C:\pickles\Blood
7.model_path = {'Nat': 'C:\\models\\Epochs_50_Nat.json', 'KaggleDR': 'C:\\models\\Epochs_50_kaggleDR.json', 'Chest': 'C:\\models\\Epochs_50_Chest.json', 'CatDog': 'C:\\models\\Epochs_40_CatDog.json'}
8.RandomSeed = 2
9.doc_path = C:\Users\Flori\Documents\GitHub\t
10.img_size_x = 224
11.img_size_y = 224
12.norm = False
13.color = True
14.pretrain = None
15.equal_data = False
16.shuffle = True
17.epochs = 50
18.val_size = 1500
19.test_size = 2000
20.Batch_size = 32
21.stop = yes 
 
 
 The results where: 
1.score = 0.810474341796181
2.acc_epoch = [0.24902939543384217, 0.2495840266305608, 0.24958402660411394, 0.2495840265892376, 0.24958402661899032, 0.2495840266305608, 0.2495840266305608, 0.24958402661568446, 0.2495840266123786, 0.24958402661568446, 0.24958402660411394, 0.24958402663882548, 0.2495840265859317, 0.24958402660411394, 0.2495840265892376, 0.2495840265892376, 0.24958402661568446, 0.2495840265892376, 0.24958402660411394, 0.24958402660411394, 0.2495840265892376, 0.24958402660411394, 0.2495840266305608, 0.2495840266264285, 0.24958402661899032, 0.24958402661568446, 0.2495840265892376, 0.2495840266123786, 0.24958402660411394, 0.24958402661568446, 0.24958402663882548, 0.24958402661899032, 0.24958402660411394, 0.24958402660411394, 0.24958402661568446, 0.2495840266305608, 0.24958402661568446, 0.24958402661568446, 0.24936217413600523, 0.24836383806422757, 0.24315030501408505, 0.24925124792839776, 0.2495840266264285, 0.24814198558785422, 0.24692179702152098, 0.24647809203571566, 0.24969495284643295, 0.2451469772419398, 0.24747642817195759, 0.24470327231398703]
3.val_acc_epoch = [0.24400000003973643, 0.24400000003973643, 0.24400000003973643, 0.24400000003973643, 0.24400000003973643, 0.24400000003973643, 0.24400000003973643, 0.24400000003973643, 0.24400000003973643, 0.24400000003973643, 0.24400000003973643, 0.24400000003973643, 0.24400000003973643, 0.24400000003973643, 0.24400000003973643, 0.24400000003973643, 0.24400000003973643, 0.24400000003973643, 0.24400000003973643, 0.24400000003973643, 0.24400000003973643, 0.24400000003973643, 0.24400000003973643, 0.24400000003973643, 0.24400000003973643, 0.24400000003973643, 0.24400000003973643, 0.24400000003973643, 0.24400000003973643, 0.24400000003973643, 0.24400000003973643, 0.24400000003973643, 0.24400000003973643, 0.24400000003973643, 0.24400000003973643, 0.24400000003973643, 0.24400000003973643, 0.24400000003973643, 0.24400000003973643, 0.24400000003973643, 0.24400000003973643, 0.24400000003973643, 0.24400000003973643, 0.24400000003973643, 0.24400000003973643, 0.24400000003973643, 0.24400000003973643, 0.24400000003973643, 0.24400000003973643, 0.24400000003973643]
4.loss_epoch = [5.606904328431411, 5.592715815789027, 5.582450211398547, 5.574483204575558, 5.568262363260346, 5.563401172403092, 5.559588174772342, 5.5565641841158495, 5.554181084656676, 5.552313741735796, 5.550836461131201, 5.549666043565595, 5.5487437613196855, 5.54802593283037, 5.54744094509055, 5.546981601059206, 5.546616259218915, 5.546324387115038, 5.546096893634257, 5.545924191625661, 5.545780468727573, 5.5456794879995845, 5.545589270197677, 5.545511614185403, 5.5454529334357625, 5.545407033402987, 5.545386901618505, 5.545348002443827, 5.545335573047251, 5.54531962558156, 5.545307590296318, 5.5452945434709955, 5.545288761813841, 5.545278271872403, 5.545270299832159, 5.54527617283682, 5.545268575390113, 5.545256143243063, 5.545257116911217, 5.545260562727469, 5.545264121947921, 5.545253795818429, 5.545256855140047, 5.5452629253855035, 5.545260306298568, 5.545255866132705, 5.545251812355689, 5.545253171037451, 5.545258175632521, 5.5452601211704415]
5.vall_loss_epoch = [1.40615407371521, 1.4023788585662842, 1.3994191783269248, 1.3970417499542236, 1.3951373500823974, 1.3936089528401692, 1.392360255241394, 1.391345124880473, 1.3905198542277017, 1.389843923886617, 1.3892826178868611, 1.3888157771428427, 1.3884333111445109, 1.3881200885772704, 1.3878484036127727, 1.3876236950556438, 1.3874326333999634, 1.3872749935785929, 1.3871390075683594, 1.3870256344477336, 1.3869357509613036, 1.38685413869222, 1.386771973292033, 1.3867118844985962, 1.3866632725397745, 1.386611433982849, 1.3865723336537679, 1.38654758199056, 1.3865148792266846, 1.3864852902094522, 1.3864614407221476, 1.3864399366378783, 1.3864229605992635, 1.3864084278742472, 1.386397796312968, 1.3863864663441976, 1.386377586364746, 1.3863648239771524, 1.386354920387268, 1.386348812421163, 1.3863411865234374, 1.3863377793629965, 1.386336763381958, 1.3863343941370647, 1.3863272898991903, 1.3863229176203409, 1.386320116043091, 1.3863217334747315, 1.3863227917353311, 1.386322054862976]
Figure name: 
C:\Users\Flori\Documents\GitHub\figs\2019_1_6_RUNEXPERIMENT_FigureLOSS&ACC01227.png
 NONE 