Floris Fok 
2019/1/5      At: 18:57:0
 
 
 The params where: 
1.Data = ISIC
2.data_name = two_combined
3.style = SVM
4.model = Nat
5.file_path = C:\ISIC
6.pickle_path = C:\pickles\save_melanoom_color_
7.model_path = {'Nat': 'C:\\models\\Epochs_50_Nat.json', 'KaggleDR': 'C:\\models\\Epochs_50_kaggleDR.json', 'Chest': 'C:\\models\\Epochs_50_Chest.json', 'CatDog': 'C:\\models\\Epochs_40_CatDog.json'}
8.RandomSeed = 2
9.doc_path = C:\Users\Flori\Documents\GitHub\t
10.img_size_x = 224
11.img_size_y = 224
12.norm = False
13.color = True
14.pretrain = None
15.equal_data = False
16.shuffle = True
17.epochs = 50
18.val_size = 200
19.test_size = 400
20.Batch_size = 32
21.stop = yes 
 
 
 The results where: 
1.score = 0.7689063482086738
2.acc_epoch = [0.5284514925373134, 0.566231343283582, 0.5844216417910447, 0.5886194029850746, 0.6068097014925373, 0.6077425373134329, 0.6291977611940298, 0.6343283582089553, 0.6534514925373134, 0.659981343283582, 0.6721082089552238, 0.6702425373134329, 0.6902985074626866, 0.6977611940298507, 0.6884328358208955, 0.7098880597014925, 0.7206156716417911, 0.7094216417910447, 0.7308768656716418, 0.7294776119402985, 0.7430037313432836, 0.7458022388059702, 0.7360074626865671, 0.7416044776119403, 0.7574626865671642, 0.7504664179104478, 0.7597947761194029, 0.7705223880597015, 0.78125, 0.7896455223880597, 0.7845149253731343, 0.7723880597014925, 0.7915111940298507, 0.7887126865671642, 0.789179104477612, 0.7705223880597015, 0.8003731343283582, 0.8013059701492538, 0.7989738805970149, 0.7980410447761194, 0.8055037313432836, 0.8232276119402985, 0.824160447761194, 0.8148320895522388, 0.8269589552238806, 0.8372201492537313, 0.8269589552238806, 0.8213619402985075, 0.8143656716417911, 0.8260261194029851]
3.val_acc_epoch = [0.605, 0.6, 0.595, 0.585, 0.605, 0.595, 0.615, 0.66, 0.655, 0.64, 0.67, 0.645, 0.65, 0.645, 0.68, 0.675, 0.695, 0.7, 0.685, 0.71, 0.685, 0.63, 0.655, 0.585, 0.67, 0.64, 0.71, 0.695, 0.66, 0.695, 0.685, 0.695, 0.635, 0.715, 0.69, 0.63, 0.655, 0.72, 0.725, 0.73, 0.695, 0.685, 0.68, 0.715, 0.71, 0.675, 0.705, 0.685, 0.635, 0.74]
4.loss_epoch = [0.691195924780262, 0.6869215796242899, 0.6847640356021141, 0.6837356401913202, 0.6805655902891017, 0.6764373939428756, 0.6699643526504289, 0.667264649227484, 0.658751654091166, 0.6560265181669548, 0.6519539525259787, 0.6505719094134089, 0.644147019777725, 0.6389272061746512, 0.639778433451012, 0.6344746644817182, 0.6297973910374428, 0.6345921345611116, 0.624334168967916, 0.6260873986713922, 0.6192640822325179, 0.6157388696030005, 0.6185546819843463, 0.6162943866715502, 0.6110356085336031, 0.6135051357212351, 0.6089650988578796, 0.6038204022307894, 0.6013005180145378, 0.595406168432378, 0.5977444648742676, 0.5991834517735154, 0.5908901397861651, 0.592835949428046, 0.5900285902307995, 0.5988904228850976, 0.585624565829092, 0.5849086713435044, 0.5828702592138034, 0.5826880878476954, 0.5779790024259197, 0.5734183147772035, 0.5688904933075407, 0.574345929409141, 0.5677450797451076, 0.5617549259271195, 0.5634994960542935, 0.564043916428267, 0.5666922998072496, 0.5603126665549492]
5.vall_loss_epoch = [0.6868301939964294, 0.6868128728866577, 0.6873864316940308, 0.6881976270675659, 0.6750242304801941, 0.6776612615585327, 0.671405508518219, 0.654678316116333, 0.6532908248901367, 0.650703513622284, 0.6532399797439575, 0.6599953556060791, 0.6472406649589538, 0.6511138391494751, 0.6407002258300781, 0.6366277074813843, 0.6328972291946411, 0.6370349979400635, 0.6370319652557374, 0.629757866859436, 0.6332389450073242, 0.6612876391410828, 0.6546531057357788, 0.6735056805610656, 0.6393230390548706, 0.6504568195343018, 0.6325101804733276, 0.6252600216865539, 0.6502377653121948, 0.6361522531509399, 0.629163339138031, 0.6277624082565307, 0.6495808792114258, 0.622454686164856, 0.6302262830734253, 0.6478135895729065, 0.6409517049789428, 0.6214552617073059, 0.6181583189964295, 0.6129653310775757, 0.622431468963623, 0.6236484408378601, 0.6328086733818055, 0.6176235389709472, 0.6136523675918579, 0.6345836353302002, 0.6150209069252014, 0.6398202037811279, 0.647834415435791, 0.6073434352874756]
Figure name: 
C:\Users\Flori\Documents\GitHub\figs\2019_1_5_RUNEXPERIMENT_FigureLOSS&ACC01857.png
 NONE 