Floris Fok 
2019/1/10      At: 22:54:22
 
 
 The params where: 
1.Data = Blood
2.data_name = None
3.style = FT
4.model = CatDog
5.file_path = C:\blood-cells
6.pickle_path = C:\pickles\Blood
7.model_path = {'Nat': 'C:\\models\\Epochs_50_Nat.json', 'KaggleDR': 'C:\\models\\Epochs_50_kaggleDR.json', 'Chest': 'C:\\models\\Epochs_50_Chest.json', 'CatDog': 'C:\\models\\Epochs_40_CatDog.json'}
8.RandomSeed = 2
9.doc_path = C:\Users\Flori\Documents\GitHub\t
10.img_size_x = 224
11.img_size_y = 224
12.norm = False
13.color = True
14.pretrain = None
15.equal_data = False
16.shuffle = True
17.epochs = 50
18.val_size = 1500
19.test_size = 2000
20.Batch_size = 32
21.stop = yes 
 
 
 The results where: 
1.score = 0.7422466256951019
2.acc_epoch = [0.330227398743447, 0.39412090961164853, 0.43327787022952957, 0.4479201330751164, 0.4595673876541294, 0.46943982248166105, 0.47842484743675784, 0.4836383804373125, 0.4901830282465194, 0.4938435939438662, 0.4958402662097383, 0.4990571269973146, 0.4990571270237614, 0.4978369383698229, 0.4985024958005959, 0.5009428730489675, 0.4951747087789653, 0.5011647253914535, 0.5019412090562809, 0.5011647254179004, 0.5016084303607296, 0.4981697171017387, 0.5010537992830219, 0.4920687742254434, 0.5004991679871275, 0.5017193566609011, 0.5011647254179004, 0.5003882418786957, 0.5004991680433271, 0.5004991680168801, 0.5003882418357195, 0.5014975041729572, 0.4959511924702395, 0.4987243482951515, 0.5020521353465348, 0.5006100942509345, 0.5003882418059667, 0.5010537991573992, 0.4998336106621419, 0.5001663893180229, 0.49994453684330253, 0.5001663892849644, 0.4999445369160314, 0.499833610612554, 0.4999445368961963, 0.4998336107084239, 0.4998336106621419, 0.49983361063569504, 0.49983361068197707, 0.4998336106621419]
3.val_acc_epoch = [0.33866666674613954, 0.40333333317438763, 0.43733333341280617, 0.4440000000794729, 0.4506666664282481, 0.4639999997615814, 0.46733333309491476, 0.43266666666666664, 0.4813333330154419, 0.44933333309491474, 0.49133333333333334, 0.4806666666666667, 0.4926666664282481, 0.47733333309491477, 0.484, 0.494, 0.47, 0.49266666666666664, 0.49466666666666664, 0.48, 0.49, 0.484, 0.4906666664282481, 0.4913333330949148, 0.486, 0.4913333330154419, 0.4926666663487752, 0.4966666663487752, 0.49399999968210856, 0.4953333330154419, 0.4986666663487752, 0.49599999968210856, 0.4926666663487752, 0.48999999968210856, 0.49266666666666664, 0.4933333330154419, 0.49599999976158143, 0.4906666663487752, 0.49399999968210856, 0.4933333330154419, 0.49399999968210856, 0.49199999968210856, 0.49399999968210856, 0.4926666663487752, 0.4933333330154419, 0.49399999968210856, 0.49399999968210856, 0.4946666663487752, 0.4953333330154419, 0.4946666663487752]
4.loss_epoch = [1.355280049126213, 1.3051867691199779, 1.279616015723065, 1.2655548459347659, 1.251512190585525, 1.2432554358187742, 1.2346030118924276, 1.226774778686096, 1.2199516832597113, 1.2133219285336587, 1.2081794390993124, 1.2029756340396054, 1.1988957307898065, 1.1954025490047266, 1.1907557377865496, 1.1856439620206836, 1.1889531364456787, 1.1781605046785877, 1.1736637363021267, 1.1701729297902408, 1.1663803810684534, 1.166170144001775, 1.1615494861909568, 1.1666758114935885, 1.1577949339194358, 1.1496784066466312, 1.1456249586027063, 1.1421972939786948, 1.1391917941970953, 1.135745709694827, 1.1323109856857834, 1.130729018921199, 1.1343574526967173, 1.128890828430421, 1.1211306287127605, 1.1169633288021161, 1.1146145172537, 1.111109788855512, 1.1078281781042674, 1.1048657531415629, 1.1019680224850783, 1.1000541381285842, 1.0964013113951723, 1.093610400659008, 1.0908747164593493, 1.0881713603908858, 1.085500477567621, 1.0828047731619574, 1.0801921513632013, 1.0776097627064287]
5.vall_loss_epoch = [1.3522287607192993, 1.2975840867360433, 1.2743338314692179, 1.2695420277913412, 1.257461573600769, 1.2472269252141317, 1.2409614222844443, 1.2810901422500611, 1.2276461019515992, 1.2502666260401407, 1.2167775198618571, 1.2191372620264689, 1.2102297824223835, 1.2149529428482055, 1.204536740620931, 1.2014922405878703, 1.2178589553833008, 1.1925821971893311, 1.1909591728846232, 1.1992770738601684, 1.1858940709431967, 1.1920673373540243, 1.1801338885625203, 1.1768338883717855, 1.1786715281804403, 1.1762670888900757, 1.1664833262761434, 1.1653293704986571, 1.1602212998072305, 1.1597489080429078, 1.1527317590713502, 1.1509141441980997, 1.1538208157221477, 1.1485662647883097, 1.1427799717585245, 1.1427462107340496, 1.137490348180135, 1.1428168795903524, 1.1328877255121867, 1.1305988982518513, 1.1293399273554483, 1.126790437380473, 1.1239325784047445, 1.1223256028493245, 1.120851143836975, 1.117346048672994, 1.1149939781824747, 1.112675755182902, 1.1098452456792196, 1.1086407146453858]
Figure name: 
C:\Users\Flori\Documents\GitHub\figs\2019_1_10_RUNEXPERIMENT_FigureLOSS&ACC02254.png
 NONE 