Floris Fok 
2019/1/6      At: 6:0:54
 
 
 The params where: 
1.Data = ISIC
2.data_name = two
3.style = FT
4.model = Nat
5.file_path = C:\ISIC
6.pickle_path = C:\pickles\save_melanoom_color_
7.model_path = {'Nat': 'C:\\models\\Epochs_50_Nat.json', 'KaggleDR': 'C:\\models\\Epochs_50_kaggleDR.json', 'Chest': 'C:\\models\\Epochs_50_Chest.json', 'CatDog': 'C:\\models\\Epochs_40_CatDog.json'}
8.RandomSeed = 2
9.doc_path = C:\Users\Flori\Documents\GitHub\t
10.img_size_x = 224
11.img_size_y = 224
12.norm = False
13.color = True
14.pretrain = None
15.equal_data = False
16.shuffle = True
17.epochs = 50
18.val_size = 200
19.test_size = 400
20.Batch_size = 32
21.stop = yes 
 
 
 The results where: 
1.score = 0.8015636903760879
2.acc_epoch = [0.5293843283582089, 0.5928171641791045, 0.5788246268656716, 0.5671641791044776, 0.5965485074626866, 0.6324626865671642, 0.6394589552238806, 0.6763059701492538, 0.6805037313432836, 0.6875, 0.7014925373134329, 0.6972947761194029, 0.7294776119402985, 0.7220149253731343, 0.7397388059701493, 0.7364738805970149, 0.7625932835820896, 0.7513992537313433, 0.761660447761194, 0.7597947761194029, 0.7709888059701493, 0.7807835820895522, 0.7737873134328358, 0.7765858208955224, 0.7845149253731343, 0.7952425373134329, 0.7737873134328358, 0.7887126865671642, 0.7863805970149254, 0.792910447761194, 0.7994402985074627, 0.8278917910447762, 0.8092350746268657, 0.8185634328358209, 0.8302238805970149, 0.7924440298507462, 0.8348880597014925, 0.8264925373134329, 0.8264925373134329, 0.8362873134328358, 0.8311567164179104, 0.8414179104477612, 0.8404850746268657, 0.8381529850746269, 0.863339552238806, 0.8414179104477612, 0.851679104477612, 0.8470149253731343, 0.8722014925373134, 0.8731343283582089]
3.val_acc_epoch = [0.55, 0.58, 0.56, 0.56, 0.58, 0.61, 0.625, 0.62, 0.67, 0.675, 0.55, 0.67, 0.67, 0.675, 0.66, 0.695, 0.655, 0.675, 0.705, 0.72, 0.695, 0.64, 0.725, 0.73, 0.72, 0.685, 0.66, 0.69, 0.675, 0.73, 0.705, 0.72, 0.745, 0.725, 0.56, 0.72, 0.755, 0.71, 0.725, 0.715, 0.765, 0.73, 0.75, 0.75, 0.745, 0.725, 0.78, 0.78, 0.765, 0.77]
4.loss_epoch = [1.3741825605506328, 1.3612461712822985, 1.3645692067359811, 1.357721309163677, 1.3440186977386475, 1.3195934046560258, 1.3112797399065388, 1.280848631218298, 1.283571035114687, 1.271451361143767, 1.263338021378019, 1.255253149502313, 1.2378755594367412, 1.2336104894751934, 1.2223371445243039, 1.2289473405524867, 1.2002225278028802, 1.2033964697994404, 1.190699102273628, 1.1913191756205772, 1.1818788994604081, 1.1700789981813573, 1.1701879803814106, 1.1650144448920863, 1.1577662478632003, 1.145407448953657, 1.1626855188341283, 1.1449366398711702, 1.1437061713702643, 1.13413330334336, 1.1251789785143156, 1.0939968424056894, 1.1152884648807013, 1.0933355217549339, 1.0804803736174284, 1.1188421258285863, 1.069901741262692, 1.076208555876319, 1.0701364643538176, 1.0538452783627297, 1.0585443003853756, 1.040412195582888, 1.044123031310181, 1.0406364042367509, 1.0045998416729827, 1.0285313262868283, 1.0057445097325453, 1.0107798202713925, 0.9795914399090098, 0.9686812705068446]
5.vall_loss_epoch = [0.6855895948410035, 0.6775525259971619, 0.6852601146697999, 0.6836852955818177, 0.6886614799499512, 0.6700777435302734, 0.6598974537849426, 0.6638801431655884, 0.6474932909011841, 0.6424409770965576, 0.6848457527160644, 0.6418424892425537, 0.6375541305541992, 0.6383187818527222, 0.6468445086479186, 0.6354725098609925, 0.6496005058288574, 0.6339143657684326, 0.6203664827346802, 0.6178344058990478, 0.6186519002914429, 0.648178505897522, 0.6088107800483704, 0.6050839734077453, 0.6120123744010926, 0.6239439725875855, 0.6336031818389892, 0.6247265911102295, 0.6288161993026733, 0.5970989084243774, 0.6071801614761353, 0.5984117484092712, 0.5938617849349975, 0.6008689260482788, 0.6956301212310791, 0.6068156361579895, 0.5769179630279541, 0.6022017097473145, 0.5876522088050842, 0.5927764892578125, 0.5695137238502502, 0.5960006713867188, 0.5751525163650513, 0.5786619901657104, 0.5802541255950928, 0.5825420546531678, 0.5653958940505981, 0.5519845294952392, 0.5638205528259277, 0.564233660697937]
Figure name: 
C:\Users\Flori\Documents\GitHub\figs\2019_1_6_RUNEXPERIMENT_FigureLOSS&ACC060.png
 NONE 