Floris Fok 
2019/1/6      At: 16:50:46
 
 
 The params where: 
1.Data = ISIC
2.data_name = three
3.style = FT
4.model = Nat
5.file_path = C:\ISIC
6.pickle_path = C:\pickles\save_melanoom_color_
7.model_path = {'Nat': 'C:\\models\\Epochs_50_Nat.json', 'KaggleDR': 'C:\\models\\Epochs_50_kaggleDR.json', 'Chest': 'C:\\models\\Epochs_50_Chest.json', 'CatDog': 'C:\\models\\Epochs_40_CatDog.json'}
8.RandomSeed = 5
9.doc_path = C:\Users\Flori\Documents\GitHub\t
10.img_size_x = 224
11.img_size_y = 224
12.norm = False
13.color = True
14.pretrain = None
15.equal_data = False
16.shuffle = True
17.epochs = 50
18.val_size = 200
19.test_size = 400
20.Batch_size = 32
21.stop = yes 
 
 
 The results where: 
1.score = 0.8399574053131217
2.acc_epoch = [0.4317406145378998, 0.4837883958027224, 0.49488054614289495, 0.5199089875535889, 0.5261660979062623, 0.5395335610680477, 0.5560295791349313, 0.5622866894876049, 0.5728100111731355, 0.5807736064386856, 0.5870307166557399, 0.5910125144241342, 0.5836177473385586, 0.605233219499881, 0.6012514220027251, 0.6154721276209487, 0.6112059156099955, 0.6200227530268407, 0.6214448238666825, 0.6217292377023838, 0.6311149035026324, 0.6348122867233246, 0.637372013855306, 0.6535836178152499, 0.63538111476768, 0.650739476542424, 0.6510238909206022, 0.6587030717401645, 0.6524459615231103, 0.6703640501246925, 0.6740614333792894, 0.6723549488732704, 0.684869169646427, 0.6777588169051247, 0.6956769057779453, 0.6882821387940842, 0.6857224116960077, 0.7172923775663148, 0.7281001138334524, 0.7090443686006825, 0.7315130829133, 0.73037542668897, 0.7150170648464164, 0.7278156997265127, 0.7218430032095404, 0.7360637086243352, 0.7534129694867052, 0.744596131900336, 0.7508532423208191, 0.752275312787708]
3.val_acc_epoch = [0.5, 0.435, 0.545, 0.52, 0.505, 0.575, 0.5, 0.57, 0.575, 0.585, 0.54, 0.595, 0.52, 0.59, 0.6, 0.58, 0.595, 0.6, 0.605, 0.615, 0.59, 0.525, 0.62, 0.53, 0.59, 0.545, 0.655, 0.51, 0.49, 0.61, 0.64, 0.625, 0.605, 0.64, 0.655, 0.585, 0.635, 0.62, 0.635, 0.635, 0.64, 0.605, 0.635, 0.62, 0.625, 0.61, 0.605, 0.625, 0.63, 0.545]
4.loss_epoch = [3.2346421044841156, 3.187147867150681, 3.1706550311174273, 3.148016435972524, 3.1392463341236656, 3.124923999805906, 3.1095158267211045, 3.095750662518307, 3.080287867981148, 3.065111526721438, 3.0504984855651855, 3.0410332766544834, 3.041424799833417, 3.01782972088446, 3.0109315574915065, 2.9899965078486246, 2.9899422051014213, 2.967249751497861, 2.9564786640857266, 2.9472152465303876, 2.929593065628555, 2.917383341523432, 2.9034946528989165, 2.8810133619384417, 2.892452376423164, 2.866893193013839, 2.852105464273481, 2.8387939590914124, 2.833105225340634, 2.7991321922297905, 2.7854135763387498, 2.7842288812001548, 2.7520662056572474, 2.7485089071510322, 2.708705676157998, 2.7193761680177726, 2.713650230661594, 2.656581183749254, 2.624943521378119, 2.6381296916219563, 2.601710588316326, 2.5983920184147373, 2.593206663316156, 2.570725689704643, 2.565842971866855, 2.544779519850348, 2.4975516335006733, 2.5005880248424543, 2.486608701354408, 2.4657658261243802]
5.vall_loss_epoch = [1.0606280517578126, 1.0780467939376832, 1.048839988708496, 1.0546823978424071, 1.0538410758972168, 1.0302716159820557, 1.053859510421753, 1.0307688236236572, 1.024684829711914, 1.0251194477081298, 1.0339366912841796, 1.0167292594909667, 1.030732650756836, 1.0066000843048095, 1.008456826210022, 1.0109134483337403, 1.0028289222717286, 0.9990054512023926, 0.9967644453048706, 0.9913731575012207, 0.9934555149078369, 1.0251589393615723, 0.9860882997512818, 1.016798644065857, 0.9843148279190064, 0.9984086799621582, 0.9628610134124755, 1.0288804388046264, 1.047264986038208, 0.9709390020370483, 0.949793975353241, 0.9570659017562866, 0.9584799122810364, 0.9444071006774902, 0.9460009384155273, 0.9800328922271728, 0.9425435447692871, 0.943646514415741, 0.9362986469268799, 0.9412207269668579, 0.9306326007843018, 0.9457847595214843, 0.9220804405212403, 0.9303798198699951, 0.9217362666130066, 0.9238115406036377, 0.9304586553573608, 0.9130068302154541, 0.9016892957687378, 0.974092698097229]
Figure name: 
C:\Users\Flori\Documents\GitHub\figs\2019_1_6_RUNEXPERIMENT_FigureLOSS&ACC01650.png
 NONE 