Floris Fok 
2019/1/7      At: 2:15:35
 
 
 The params where: 
1.Data = ISIC
2.data_name = three
3.style = FT
4.model = Nat
5.file_path = C:\ISIC
6.pickle_path = C:\pickles\save_melanoom_color_
7.model_path = {'Nat': 'C:\\models\\Epochs_50_Nat.json', 'KaggleDR': 'C:\\models\\Epochs_50_kaggleDR.json', 'Chest': 'C:\\models\\Epochs_50_Chest.json', 'CatDog': 'C:\\models\\Epochs_40_CatDog.json'}
8.RandomSeed = 7
9.doc_path = C:\Users\Flori\Documents\GitHub\t
10.img_size_x = 224
11.img_size_y = 224
12.norm = False
13.color = True
14.pretrain = None
15.equal_data = False
16.shuffle = True
17.epochs = 50
18.val_size = 200
19.test_size = 400
20.Batch_size = 32
21.stop = yes 
 
 
 The results where: 
1.score = 0.8274582228947925
2.acc_epoch = [0.3304891922978411, 0.3307736064725904, 0.3307736064386856, 0.3307736064386856, 0.3307736064725904, 0.3307736064047808, 0.36262798621250364, 0.4462457337883959, 0.5008532425242479, 0.5096700795003307, 0.5113765643453978, 0.5127986348800962, 0.5261660980418816, 0.5270193400236527, 0.5224687143804271, 0.530432309340834, 0.5435153585652036, 0.5372582478734821, 0.5520477816377755, 0.5460750851208033, 0.5602957906034077, 0.5568828212523216, 0.5739476680077519, 0.5631399316389, 0.5676905575872688, 0.57650739483459, 0.579067121525809, 0.5713879409096754, 0.5770762228789454, 0.5782138794084186, 0.5867463028200386, 0.5890216156755562, 0.5907281001815753, 0.5898748578607561, 0.5986916949724581, 0.6117747440951133, 0.6066552898989602, 0.5995449373610868, 0.6052332194659762, 0.6029579065765537, 0.6001137655749663, 0.6060864618207, 0.6069397042093287, 0.6137656428436913, 0.6183162684869169, 0.6234357225474508, 0.6205915812068153, 0.6143344708880467, 0.617178612262587, 0.6203071674389237]
3.val_acc_epoch = [0.365, 0.365, 0.365, 0.365, 0.365, 0.365, 0.435, 0.435, 0.44, 0.41, 0.54, 0.525, 0.52, 0.46, 0.53, 0.53, 0.5, 0.55, 0.515, 0.55, 0.51, 0.56, 0.55, 0.555, 0.565, 0.555, 0.565, 0.475, 0.57, 0.575, 0.55, 0.545, 0.57, 0.545, 0.565, 0.56, 0.59, 0.595, 0.575, 0.565, 0.565, 0.59, 0.585, 0.595, 0.59, 0.475, 0.545, 0.51, 0.57, 0.6]
4.loss_epoch = [3.2870442210882054, 3.2713915911143956, 3.268243264012776, 3.2601723849976834, 3.248304380627351, 3.2323373796183095, 3.221365855958003, 3.210821090162275, 3.20265100759044, 3.1902689621852662, 3.180301028306981, 3.173419942899233, 3.158350664329746, 3.149535010699119, 3.145373614574862, 3.134102505628566, 3.1109557338948948, 3.1115705020327344, 3.0904547422276694, 3.080654352869461, 3.0626516434384152, 3.0575302542273093, 3.0328727289271438, 3.0274739995073268, 3.0154751223237577, 2.9927392540260116, 2.9848419233936228, 2.9846672368944707, 2.96992013261858, 2.9532300837346446, 2.933950352316152, 2.9171157507088132, 2.9084443278415755, 2.9013770494580404, 2.874597973926618, 2.844390198910467, 2.8426815991515593, 2.843721635783763, 2.8216685888032185, 2.8120151930430373, 2.813590277041456, 2.7910160508443336, 2.7817119494233116, 2.7515251416802, 2.7369202753789597, 2.717692365960999, 2.7160827424610297, 2.713307762308739, 2.7046912785140593, 2.680289452122069]
5.vall_loss_epoch = [1.0834411334991456, 1.088205461502075, 1.0936118984222412, 1.096726474761963, 1.0786959648132324, 1.074054479598999, 1.077832670211792, 1.0767800903320313, 1.0729804039001465, 1.077988224029541, 1.0505756807327271, 1.0495736956596375, 1.0470022821426392, 1.064690055847168, 1.0406467628479004, 1.0364396715164184, 1.0471013736724855, 1.0289714694023133, 1.0281378793716431, 1.0189442682266234, 1.0260137152671813, 1.0108945655822754, 1.0077219963073731, 1.0047959995269775, 0.9966842150688171, 1.0020237708091735, 0.989654655456543, 1.0476191186904906, 0.9878409600257874, 0.9836100006103515, 0.9879728937149048, 0.9896547389030457, 0.9796936321258545, 0.9825149130821228, 0.9684361171722412, 0.966942777633667, 0.9588237857818603, 0.9481414103507996, 0.9495789718627929, 0.9641244578361511, 0.9648254823684692, 0.9303084945678711, 0.9317269921302795, 0.9281765842437744, 0.934185152053833, 1.0096901416778565, 0.9527831554412842, 0.9861217355728149, 0.9339066982269287, 0.919617395401001]
Figure name: 
C:\Users\Flori\Documents\GitHub\figs\2019_1_7_RUNEXPERIMENT_FigureLOSS&ACC0215.png
 NONE 