Floris Fok 
2019/1/6      At: 2:47:8
 
 
 The params where: 
1.Data = ISIC
2.data_name = two
3.style = FT
4.model = Nat
5.file_path = C:\ISIC
6.pickle_path = C:\pickles\save_melanoom_color_
7.model_path = {'Nat': 'C:\\models\\Epochs_22_Nat.json', 'KaggleDR': 'C:\\models\\Epochs_50_kaggleDR.json', 'Chest': 'C:\\models\\Epochs_50_Chest.json', 'CatDog': 'C:\\models\\Epochs_40_CatDog.json'}
8.RandomSeed = 2
9.doc_path = C:\Users\Flori\Documents\GitHub\t
10.img_size_x = 224
11.img_size_y = 224
12.norm = False
13.color = True
14.pretrain = None
15.equal_data = False
16.shuffle = True
17.epochs = 50
18.val_size = 200
19.test_size = 400
20.Batch_size = 32
21.stop = yes 
 
 
 The results where: 
1.score = 0.7987510567888639
2.acc_epoch = [0.5177238805970149, 0.5727611940298507, 0.5979477611940298, 0.6263992537313433, 0.6459888059701493, 0.644589552238806, 0.6273320895522388, 0.6236007462686567, 0.664179104477612, 0.6683768656716418, 0.6940298507462687, 0.7145522388059702, 0.7215485074626866, 0.7234141791044776, 0.7192164179104478, 0.7094216417910447, 0.7341417910447762, 0.7388059701492538, 0.7555970149253731, 0.7625932835820896, 0.7621268656716418, 0.7709888059701493, 0.773320895522388, 0.7611940298507462, 0.7574626865671642, 0.7961753731343284, 0.7831156716417911, 0.7989738805970149, 0.7924440298507462, 0.8138992537313433, 0.7961753731343284, 0.8208955223880597, 0.8129664179104478, 0.8390858208955224, 0.8502798507462687, 0.8339552238805971, 0.8544776119402985, 0.847481343283582, 0.8642723880597015, 0.8255597014925373, 0.8572761194029851, 0.8563432835820896, 0.8642723880597015, 0.8740671641791045, 0.8582089552238806, 0.8773320895522388, 0.8889925373134329, 0.8885261194029851, 0.851679104477612, 0.8833955223880597]
3.val_acc_epoch = [0.555, 0.57, 0.61, 0.605, 0.625, 0.645, 0.73, 0.655, 0.71, 0.595, 0.7, 0.66, 0.655, 0.675, 0.75, 0.715, 0.63, 0.71, 0.71, 0.725, 0.75, 0.71, 0.755, 0.615, 0.715, 0.72, 0.7, 0.73, 0.755, 0.735, 0.71, 0.675, 0.715, 0.74, 0.675, 0.725, 0.72, 0.755, 0.655, 0.76, 0.75, 0.75, 0.76, 0.73, 0.69, 0.615, 0.74, 0.75, 0.71, 0.705]
4.loss_epoch = [1.4307252133070534, 1.3724810667892, 1.3633650434550955, 1.353264821109487, 1.3448968805483918, 1.3392318665091671, 1.3424382992644808, 1.340317185245343, 1.3109190143756013, 1.2984427818611486, 1.282785458351249, 1.2633686457107316, 1.2585272237436096, 1.2438702494350833, 1.2419186243370397, 1.247905732980415, 1.2249128160192007, 1.214910487630474, 1.1973963282001552, 1.1895665197230096, 1.1918423282566355, 1.1769300681441577, 1.171961825285385, 1.1778281215411515, 1.1765918980783492, 1.138780017397297, 1.1458925231179196, 1.1253876437002153, 1.1306558482682527, 1.105532634614119, 1.118912078551392, 1.105163623147936, 1.1120234478765458, 1.0889712153975644, 1.0706537668384724, 1.0851981515315041, 1.063914624612723, 1.0637415015875404, 1.0348101943286496, 1.0812739845532089, 1.0399536045629587, 1.0388133321235429, 1.0242853645068497, 1.0085800601475274, 1.032454496888972, 1.0011717739389903, 0.9852871192035391, 0.9740603601754602, 1.0189741129305825, 0.9741505464511131]
5.vall_loss_epoch = [0.684109959602356, 0.6827196550369262, 0.679148371219635, 0.6776872491836547, 0.6747647714614868, 0.6681701183319092, 0.6562278985977172, 0.662587251663208, 0.6407939267158508, 0.6949094057083129, 0.6496989727020264, 0.6586831331253051, 0.6550648450851441, 0.6495835399627685, 0.6207185935974121, 0.6303423833847046, 0.6671124458312988, 0.6329954481124878, 0.6306524705886841, 0.6221595239639283, 0.6134178328514099, 0.6193258762359619, 0.6047270274162293, 0.6559626007080078, 0.6198930740356445, 0.6192909860610962, 0.6330717134475708, 0.617855031490326, 0.6057737970352173, 0.5971432113647461, 0.6132795715332031, 0.6377929329872132, 0.6001102042198181, 0.5917964720726013, 0.6248667550086975, 0.5964074945449829, 0.6014514875411987, 0.582657117843628, 0.6411800336837769, 0.576280722618103, 0.5832326889038086, 0.5834509992599487, 0.5760572004318237, 0.5894071769714355, 0.6108647298812866, 0.6717352890968322, 0.5706639862060547, 0.5658376884460449, 0.6120854187011718, 0.5904754161834717]
Figure name: 
C:\Users\Flori\Documents\GitHub\figs\2019_1_6_RUNEXPERIMENT_FigureLOSS&ACC0247.png
 NONE 