Floris Fok 
2019/1/6      At: 8:11:26
 
 
 The params where: 
1.Data = ISIC
2.data_name = two_combined
3.style = FT
4.model = Nat
5.file_path = C:\ISIC
6.pickle_path = C:\pickles\save_melanoom_color_
7.model_path = {'Nat': 'C:\\models\\Epochs_50_Nat.json', 'KaggleDR': 'C:\\models\\Epochs_50_kaggleDR.json', 'Chest': 'C:\\models\\Epochs_50_Chest.json', 'CatDog': 'C:\\models\\Epochs_40_CatDog.json'}
8.RandomSeed = 2
9.doc_path = C:\Users\Flori\Documents\GitHub\t
10.img_size_x = 224
11.img_size_y = 224
12.norm = False
13.color = True
14.pretrain = None
15.equal_data = False
16.shuffle = True
17.epochs = 50
18.val_size = 200
19.test_size = 400
20.Batch_size = 32
21.stop = yes 
 
 
 The results where: 
1.score = 0.7842728760655178
2.acc_epoch = [0.5615671641791045, 0.6091417910447762, 0.5853544776119403, 0.6068097014925373, 0.6217350746268657, 0.6091417910447762, 0.6189365671641791, 0.6431902985074627, 0.659981343283582, 0.664179104477612, 0.6595149253731343, 0.6870335820895522, 0.6968283582089553, 0.6893656716417911, 0.7131529850746269, 0.7252798507462687, 0.7201492537313433, 0.7434701492537313, 0.7346082089552238, 0.7341417910447762, 0.7551305970149254, 0.7621268656716418, 0.7569962686567164, 0.7779850746268657, 0.7863805970149254, 0.7737873134328358, 0.7863805970149254, 0.7915111940298507, 0.7919776119402985, 0.7966417910447762, 0.7957089552238806, 0.8073694029850746, 0.8036380597014925, 0.8274253731343284, 0.8250932835820896, 0.8208955223880597, 0.8418843283582089, 0.8176305970149254, 0.8367537313432836, 0.8414179104477612, 0.8591417910447762, 0.8484141791044776, 0.8470149253731343, 0.8530783582089553, 0.847481343283582, 0.8740671641791045, 0.8722014925373134, 0.8596082089552238, 0.8600746268656716, 0.8815298507462687]
3.val_acc_epoch = [0.645, 0.655, 0.65, 0.64, 0.625, 0.68, 0.695, 0.665, 0.685, 0.62, 0.65, 0.7, 0.64, 0.615, 0.62, 0.65, 0.7, 0.7, 0.675, 0.7, 0.675, 0.645, 0.56, 0.7, 0.68, 0.66, 0.71, 0.71, 0.68, 0.695, 0.73, 0.615, 0.685, 0.68, 0.71, 0.665, 0.73, 0.69, 0.695, 0.725, 0.735, 0.725, 0.675, 0.73, 0.69, 0.65, 0.63, 0.715, 0.7, 0.71]
4.loss_epoch = [1.36697847629661, 1.3507846469309792, 1.3554718512207715, 1.3487550126972483, 1.3396373168746036, 1.3329321875501035, 1.318024462728358, 1.3051767918600965, 1.2782109886852664, 1.2700769883483203, 1.2647869124341367, 1.2470724902935881, 1.2285520621200106, 1.2337338426219884, 1.2157950419098584, 1.2021080344470578, 1.2056516818146208, 1.1846842659053518, 1.1895845292219476, 1.1922144800869388, 1.1625337565123146, 1.1575779131988981, 1.162842270153672, 1.133647439195149, 1.12407097887637, 1.1384051228637126, 1.1151688783916074, 1.1049195020946103, 1.107472796048691, 1.0985683772101331, 1.0924335433476007, 1.0881138755314386, 1.0877842529496151, 1.0587669183958823, 1.0634076746542063, 1.0534999450640892, 1.0321687442153247, 1.0520306932392405, 1.033229104618528, 1.024005127486898, 1.0015052058803502, 1.0089323511764186, 1.0055849178513485, 0.9907444074972352, 0.9997295479276287, 0.962218883322246, 0.9597306865364758, 0.9700997356158584, 0.9689276689913735, 0.9356887607432124]
5.vall_loss_epoch = [0.678723042011261, 0.6726117873191834, 0.6615721917152405, 0.6711364269256592, 0.6644018578529358, 0.6382887792587281, 0.6301218128204346, 0.6398627376556396, 0.6266941666603089, 0.6549997949600219, 0.6357043528556824, 0.6277377104759216, 0.6456967830657959, 0.6460507488250733, 0.6391856336593628, 0.6283505296707154, 0.6201117515563965, 0.6244745826721192, 0.6250722646713257, 0.6254867219924927, 0.6175650644302368, 0.6400912046432495, 0.7040165829658508, 0.621190938949585, 0.6162867403030395, 0.6308356094360351, 0.6034269666671753, 0.6116144037246705, 0.6248049116134644, 0.609616551399231, 0.5971048593521118, 0.6543081212043762, 0.6198977041244507, 0.6216897678375244, 0.6010857546329498, 0.6267304563522339, 0.5853001880645752, 0.6068500542640686, 0.6021723663806915, 0.5875625801086426, 0.5753469848632813, 0.5873875570297241, 0.6135506248474121, 0.5937633991241456, 0.6051269912719727, 0.6443901228904724, 0.6532329487800598, 0.5865960550308228, 0.6028839349746704, 0.5809026765823364]
Figure name: 
C:\Users\Flori\Documents\GitHub\figs\2019_1_6_RUNEXPERIMENT_FigureLOSS&ACC0811.png
 NONE 