Floris Fok 
2019/1/5      At: 23:26:47
 
 
 The params where: 
1.Data = ISIC
2.data_name = two
3.style = FT
4.model = Nat
5.file_path = C:\ISIC
6.pickle_path = C:\pickles\save_melanoom_color_
7.model_path = {'Nat': 'C:\\models\\Epochs_2_Nat.json', 'KaggleDR': 'C:\\models\\Epochs_50_kaggleDR.json', 'Chest': 'C:\\models\\Epochs_50_Chest.json', 'CatDog': 'C:\\models\\Epochs_40_CatDog.json'}
8.RandomSeed = 2
9.doc_path = C:\Users\Flori\Documents\GitHub\t
10.img_size_x = 224
11.img_size_y = 224
12.norm = False
13.color = True
14.pretrain = None
15.equal_data = False
16.shuffle = True
17.epochs = 50
18.val_size = 200
19.test_size = 400
20.Batch_size = 32
21.stop = yes 
 
 
 The results where: 
1.score = 0.703865522183858
2.acc_epoch = [0.5736940298507462, 0.5853544776119403, 0.6012126865671642, 0.6184701492537313, 0.6082089552238806, 0.6394589552238806, 0.6231343283582089, 0.636660447761194, 0.6371268656716418, 0.6455223880597015, 0.6627798507462687, 0.6660447761194029, 0.6403917910447762, 0.6725746268656716, 0.6669776119402985, 0.6707089552238806, 0.679570895522388, 0.6707089552238806, 0.6651119402985075, 0.6767723880597015, 0.6753731343283582, 0.6781716417910447, 0.7010261194029851, 0.6944962686567164, 0.6819029850746269, 0.6805037313432836, 0.7033582089552238, 0.6949626865671642, 0.6986940298507462, 0.7159514925373134, 0.7010261194029851, 0.7140858208955224, 0.7033582089552238, 0.7182835820895522, 0.7126865671641791, 0.722481343283582, 0.7238805970149254, 0.6963619402985075, 0.7140858208955224, 0.7318097014925373, 0.7192164179104478, 0.7122201492537313, 0.7486007462686567, 0.7467350746268657, 0.7476679104477612, 0.7490671641791045, 0.7350746268656716, 0.7467350746268657, 0.7444029850746269, 0.7355410447761194]
3.val_acc_epoch = [0.565, 0.59, 0.555, 0.6, 0.61, 0.56, 0.6, 0.65, 0.64, 0.625, 0.51, 0.64, 0.64, 0.555, 0.595, 0.58, 0.64, 0.655, 0.655, 0.6, 0.65, 0.665, 0.67, 0.61, 0.66, 0.67, 0.635, 0.68, 0.66, 0.67, 0.62, 0.595, 0.645, 0.685, 0.69, 0.68, 0.67, 0.675, 0.63, 0.7, 0.63, 0.695, 0.69, 0.7, 0.7, 0.685, 0.695, 0.655, 0.66, 0.675]
4.loss_epoch = [1.3772250502856809, 1.3677062739187211, 1.3594040852874072, 1.352684750485776, 1.3519427687374515, 1.3377775291898357, 1.3414369305567955, 1.3340614678254767, 1.33088426803475, 1.3272858840316089, 1.3202666293329268, 1.3174871384207882, 1.3293141340141865, 1.3128743438578363, 1.3110139352172168, 1.305340192211208, 1.3003320355913532, 1.3045232153650541, 1.304578786465659, 1.2948171540872375, 1.2985607759276432, 1.2985371244487478, 1.284865697818016, 1.2856008686236482, 1.2902414300548497, 1.2870263555156651, 1.2805672350214488, 1.2775184859090776, 1.2722883793845106, 1.263873324465396, 1.270228273832976, 1.2584015807109092, 1.2650037790412334, 1.2535829615237108, 1.2563424341714204, 1.2502013195806474, 1.2475406821094341, 1.2585317448003968, 1.2450228360161852, 1.2310433921529287, 1.2398372230245107, 1.242982923094906, 1.2192564384261173, 1.218345771974592, 1.2130129515235104, 1.2147127407700269, 1.2233244838999278, 1.211238088892467, 1.21073954674735, 1.2156863675188663]
5.vall_loss_epoch = [0.686435513496399, 0.6841273593902588, 0.6942726516723633, 0.6806456780433655, 0.6814840412139893, 0.689052984714508, 0.6835739850997925, 0.6752218794822693, 0.6713999509811401, 0.6734480667114258, 0.6956116104125977, 0.6701283025741577, 0.6720232987403869, 0.6882703137397767, 0.6781161069869995, 0.6854382371902465, 0.6660062050819398, 0.6639362788200378, 0.6635671520233154, 0.6761112833023071, 0.663622899055481, 0.6617271471023559, 0.6563245058059692, 0.6670176219940186, 0.6612520551681519, 0.6519916892051697, 0.6618580484390258, 0.6520241689682007, 0.654801664352417, 0.6522521543502807, 0.6704201126098632, 0.6694397854804993, 0.6554721689224243, 0.6464512205123901, 0.6466194677352906, 0.6460278058052062, 0.6407601022720337, 0.647088532447815, 0.6633356142044068, 0.63440673828125, 0.6493769454956054, 0.6396568465232849, 0.6374346280097961, 0.6350906062126159, 0.6319268345832825, 0.6402936697006225, 0.6309981870651246, 0.6428846096992493, 0.6432206463813782, 0.6283329916000366]
Figure name: 
C:\Users\Flori\Documents\GitHub\figs\2019_1_5_RUNEXPERIMENT_FigureLOSS&ACC02326.png
 NONE 