Floris Fok 
2019/1/6      At: 3:27:43
 
 
 The params where: 
1.Data = ISIC
2.data_name = two
3.style = FT
4.model = Nat
5.file_path = C:\ISIC
6.pickle_path = C:\pickles\save_melanoom_color_
7.model_path = {'Nat': 'C:\\models\\Epochs_26_Nat.json', 'KaggleDR': 'C:\\models\\Epochs_50_kaggleDR.json', 'Chest': 'C:\\models\\Epochs_50_Chest.json', 'CatDog': 'C:\\models\\Epochs_40_CatDog.json'}
8.RandomSeed = 2
9.doc_path = C:\Users\Flori\Documents\GitHub\t
10.img_size_x = 224
11.img_size_y = 224
12.norm = False
13.color = True
14.pretrain = None
15.equal_data = False
16.shuffle = True
17.epochs = 50
18.val_size = 200
19.test_size = 400
20.Batch_size = 32
21.stop = yes 
 
 
 The results where: 
1.score = 0.8043680152643834
2.acc_epoch = [0.5522388059701493, 0.5573694029850746, 0.6277985074626866, 0.6497201492537313, 0.6427238805970149, 0.6791044776119403, 0.7075559701492538, 0.6972947761194029, 0.7126865671641791, 0.7098880597014925, 0.7056902985074627, 0.7248134328358209, 0.742070895522388, 0.7481343283582089, 0.7490671641791045, 0.7145522388059702, 0.7541977611940298, 0.7532649253731343, 0.7532649253731343, 0.7644589552238806, 0.7649253731343284, 0.7779850746268657, 0.7611940298507462, 0.7709888059701493, 0.7779850746268657, 0.7821828358208955, 0.7901119402985075, 0.7840485074626866, 0.8031716417910447, 0.8027052238805971, 0.8097014925373134, 0.8236940298507462, 0.8069029850746269, 0.7971082089552238, 0.7985074626865671, 0.8227611940298507, 0.8227611940298507, 0.8222947761194029, 0.8451492537313433, 0.7952425373134329, 0.8367537313432836, 0.847481343283582, 0.8460820895522388, 0.8572761194029851, 0.8530783582089553, 0.8484141791044776, 0.8591417910447762, 0.8255597014925373, 0.8409514925373134, 0.8782649253731343]
3.val_acc_epoch = [0.605, 0.61, 0.65, 0.56, 0.675, 0.72, 0.62, 0.685, 0.65, 0.73, 0.69, 0.675, 0.73, 0.7, 0.72, 0.735, 0.71, 0.625, 0.725, 0.73, 0.67, 0.735, 0.75, 0.685, 0.685, 0.625, 0.68, 0.695, 0.75, 0.72, 0.715, 0.71, 0.7, 0.72, 0.7, 0.71, 0.76, 0.685, 0.695, 0.745, 0.74, 0.72, 0.735, 0.76, 0.75, 0.695, 0.745, 0.72, 0.715, 0.725]
4.loss_epoch = [1.3788510489819654, 1.3725416019781311, 1.3557418940672235, 1.3507709165117634, 1.3494219139440735, 1.3369584902008969, 1.328132568900265, 1.326400972124356, 1.3210938154761471, 1.3174475929630336, 1.3185058903338305, 1.3078688240762968, 1.299711866165275, 1.2938223383319911, 1.2889987959790585, 1.299649546395487, 1.279742874316315, 1.2800290833658248, 1.275372264990166, 1.267954904641678, 1.2606734500002506, 1.2506353481492, 1.2567621807553875, 1.2464599787299313, 1.2397517197167696, 1.2338677395635576, 1.2253553547076326, 1.2234873451403718, 1.2111461696340078, 1.2040206638734732, 1.1976549714358884, 1.1806520543881316, 1.1894083396712345, 1.1931244152695386, 1.1851261071304777, 1.1636264075094194, 1.1597096617542095, 1.1548453765128976, 1.1327373625627204, 1.166367753228145, 1.1313168949155665, 1.11801702406869, 1.1108943864480774, 1.097846814055941, 1.0935926250557402, 1.0969609342404265, 1.080099999015011, 1.1091677786698981, 1.0917523245313274, 1.0476010575223325]
5.vall_loss_epoch = [0.6796831798553467, 0.6793416333198548, 0.6743066120147705, 0.6858889842033387, 0.6716159200668335, 0.6627541494369507, 0.6750742626190186, 0.663408281803131, 0.6692982864379883, 0.6563881349563598, 0.6597307538986206, 0.6632404899597169, 0.6509002709388733, 0.6562702226638794, 0.6492421436309814, 0.6475473880767822, 0.6496740055084228, 0.6678662252426147, 0.647057123184204, 0.6457866954803467, 0.6601184320449829, 0.6431015729904175, 0.6340813207626342, 0.6571981000900269, 0.6466575193405152, 0.6664694881439209, 0.6509768080711364, 0.6378128623962402, 0.6295863461494445, 0.6302835774421692, 0.6390971040725708, 0.6293860340118408, 0.6401132035255432, 0.6341098642349243, 0.6412529301643372, 0.6313724732398986, 0.6131502795219421, 0.6359117889404297, 0.6342574095726013, 0.6058058118820191, 0.6124254822731018, 0.6205378866195679, 0.605865273475647, 0.6067871022224426, 0.6049144673347473, 0.6311783623695374, 0.5988735604286194, 0.6142112922668457, 0.6159976053237916, 0.6128728866577149]
Figure name: 
C:\Users\Flori\Documents\GitHub\figs\2019_1_6_RUNEXPERIMENT_FigureLOSS&ACC0327.png
 NONE 