Floris Fok 
2019/1/5      At: 18:20:1
 
 
 The params where: 
1.Data = ISIC
2.data_name = two_combined
3.style = FT
4.model = Nat
5.file_path = C:\ISIC
6.pickle_path = C:\pickles\save_melanoom_color_
7.model_path = {'Nat': 'C:\\models\\Epochs_50_Nat.json', 'KaggleDR': 'C:\\models\\Epochs_50_kaggleDR.json', 'Chest': 'C:\\models\\Epochs_50_Chest.json', 'CatDog': 'C:\\models\\Epochs_40_CatDog.json'}
8.RandomSeed = 2
9.doc_path = C:\Users\Flori\Documents\GitHub\t
10.img_size_x = 224
11.img_size_y = 224
12.norm = False
13.color = True
14.pretrain = None
15.equal_data = False
16.shuffle = True
17.epochs = 50
18.val_size = 200
19.test_size = 400
20.Batch_size = 32
21.stop = yes 
 
 
 The results where: 
1.score = 0.5100251414204902
2.acc_epoch = [0.5480410447761194, 0.5755597014925373, 0.582089552238806, 0.5960820895522388, 0.605410447761194, 0.6194029850746269, 0.6282649253731343, 0.617070895522388, 0.6208022388059702, 0.6399253731343284, 0.6427238805970149, 0.6618470149253731, 0.6623134328358209, 0.6721082089552238, 0.6777052238805971, 0.6884328358208955, 0.6972947761194029, 0.6935634328358209, 0.7080223880597015, 0.6949626865671642, 0.7042910447761194, 0.7154850746268657, 0.7196828358208955, 0.7308768656716418, 0.7196828358208955, 0.7210820895522388, 0.7285447761194029, 0.7434701492537313, 0.7355410447761194, 0.7346082089552238, 0.757929104477612, 0.7509328358208955, 0.7513992537313433, 0.7569962686567164, 0.7565298507462687, 0.7597947761194029, 0.769589552238806, 0.7644589552238806, 0.7681902985074627, 0.7751865671641791, 0.753731343283582, 0.7770522388059702, 0.7919776119402985, 0.777518656716418, 0.7677238805970149, 0.7653917910447762, 0.7644589552238806, 0.7873134328358209, 0.7854477611940298, 0.7873134328358209]
3.val_acc_epoch = [0.605, 0.63, 0.635, 0.625, 0.59, 0.635, 0.675, 0.66, 0.635, 0.65, 0.645, 0.655, 0.68, 0.67, 0.67, 0.69, 0.66, 0.71, 0.695, 0.665, 0.705, 0.7, 0.705, 0.685, 0.7, 0.71, 0.73, 0.735, 0.695, 0.705, 0.735, 0.68, 0.73, 0.705, 0.66, 0.72, 0.715, 0.72, 0.73, 0.665, 0.735, 0.725, 0.695, 0.725, 0.72, 0.61, 0.735, 0.69, 0.695, 0.74]
4.loss_epoch = [0.6922218043412736, 0.6895499469628975, 0.6888084714092425, 0.6877305356424246, 0.6872014883738845, 0.686267000525745, 0.6850642241648773, 0.6830593374238085, 0.6808306352416081, 0.6782521899066755, 0.6777884381920544, 0.6759193557411877, 0.6757604408620009, 0.6742539281275735, 0.6728213011328854, 0.6718908397119436, 0.6704616395395193, 0.6702933382632127, 0.668346776001489, 0.6684848070144653, 0.6676318681062158, 0.6657006971871675, 0.6640433927080525, 0.6628753578484948, 0.6630296671568457, 0.662619878996664, 0.6612358208912522, 0.6589173078536987, 0.6586311957729396, 0.657998834972951, 0.6546468485647173, 0.6552166138122331, 0.6541338954398881, 0.6527633302247347, 0.6518485893064471, 0.6510499066381312, 0.6488854529252693, 0.6488796899567789, 0.6478730511309495, 0.6458481078717246, 0.6489930775628161, 0.644777801499438, 0.6397971324066618, 0.6425169777514329, 0.6430763700115147, 0.6431952145562243, 0.6432174817839665, 0.6381311300975173, 0.6380230099407594, 0.6364722180722365]
5.vall_loss_epoch = [0.6894185161590576, 0.6880022859573365, 0.6878573369979858, 0.6871645379066468, 0.6875031614303588, 0.6850456142425537, 0.6810128450393677, 0.6744454860687256, 0.6770360708236695, 0.6749519848823547, 0.6748352336883545, 0.6746486330032349, 0.6737804889678956, 0.671604130268097, 0.670576159954071, 0.6700852918624878, 0.6730105781555176, 0.668607816696167, 0.6684104776382447, 0.6694893026351929, 0.6666134381294251, 0.6658040475845337, 0.6655690312385559, 0.6666751623153686, 0.6638025450706482, 0.6656804180145264, 0.6609696054458618, 0.659818925857544, 0.6622866320610047, 0.6596357250213623, 0.6589570021629334, 0.6667781305313111, 0.6582039523124695, 0.6585820531845092, 0.6691004371643067, 0.6546855974197388, 0.6597902345657348, 0.6548469042778016, 0.652789659500122, 0.6635640168190002, 0.6511650085449219, 0.6558650588989258, 0.6561979532241822, 0.6487912464141846, 0.6484211826324463, 0.6670806217193603, 0.6473243284225464, 0.6551139640808106, 0.6590645408630371, 0.6452836894989014]
Figure name: 
C:\Users\Flori\Documents\GitHub\figs\2019_1_5_RUNEXPERIMENT_FigureLOSS&ACC01820.png
 NONE 