Floris Fok 
2019/1/5      At: 19:34:30
 
 
 The params where: 
1.Data = ISIC
2.data_name = two
3.style = FT
4.model = Nat
5.file_path = C:\ISIC
6.pickle_path = C:\pickles\save_melanoom_color_
7.model_path = {'Nat': 'C:\\models\\Epochs_50_Nat.json', 'KaggleDR': 'C:\\models\\Epochs_50_kaggleDR.json', 'Chest': 'C:\\models\\Epochs_50_Chest.json', 'CatDog': 'C:\\models\\Epochs_40_CatDog.json'}
8.RandomSeed = 5
9.doc_path = C:\Users\Flori\Documents\GitHub\t
10.img_size_x = 224
11.img_size_y = 224
12.norm = False
13.color = True
14.pretrain = None
15.equal_data = False
16.shuffle = True
17.epochs = 50
18.val_size = 200
19.test_size = 400
20.Batch_size = 32
21.stop = yes 
 
 
 The results where: 
1.score = 0.7573439335983398
2.acc_epoch = [0.5083955223880597, 0.5097947761194029, 0.5065298507462687, 0.507929104477612, 0.5125932835820896, 0.5139925373134329, 0.5144589552238806, 0.5158582089552238, 0.5149253731343284, 0.5219216417910447, 0.5219216417910447, 0.523320895522388, 0.5242537313432836, 0.5279850746268657, 0.5256529850746269, 0.5331156716417911, 0.5690298507462687, 0.5652985074626866, 0.6049440298507462, 0.6044776119402985, 0.628731343283582, 0.6427238805970149, 0.6380597014925373, 0.6688432835820896, 0.6632462686567164, 0.6753731343283582, 0.6814365671641791, 0.6907649253731343, 0.7056902985074627, 0.707089552238806, 0.7201492537313433, 0.7075559701492538, 0.7084888059701493, 0.7299440298507462, 0.7411380597014925, 0.7369402985074627, 0.7406716417910447, 0.7593283582089553, 0.7597947761194029, 0.7751865671641791, 0.7639925373134329, 0.7737873134328358, 0.789179104477612, 0.7989738805970149, 0.7854477611940298, 0.7807835820895522, 0.8115671641791045, 0.8069029850746269, 0.7826492537313433, 0.8157649253731343]
3.val_acc_epoch = [0.46, 0.465, 0.475, 0.485, 0.46, 0.47, 0.47, 0.46, 0.485, 0.48, 0.47, 0.48, 0.485, 0.465, 0.475, 0.51, 0.47, 0.615, 0.61, 0.64, 0.67, 0.67, 0.685, 0.63, 0.625, 0.64, 0.65, 0.69, 0.69, 0.67, 0.705, 0.695, 0.63, 0.725, 0.73, 0.73, 0.67, 0.675, 0.705, 0.675, 0.685, 0.72, 0.72, 0.72, 0.655, 0.74, 0.695, 0.7, 0.77, 0.78]
4.loss_epoch = [0.6885799569870109, 0.6840283087830046, 0.6826655642310185, 0.6799313372640468, 0.6760511798645134, 0.6758901636991927, 0.6731215920021285, 0.6733174626506976, 0.6717199442991569, 0.6669899874658727, 0.6686611851649498, 0.66486823914656, 0.6630986190553921, 0.6625762154806906, 0.661371452594871, 0.6615830846686861, 0.6607017890730901, 0.6626270271059292, 0.6505469653143812, 0.645581604829475, 0.6428470958524676, 0.6360569053621434, 0.639488230000681, 0.6290365510912084, 0.6260715509528545, 0.6247884542194765, 0.6200589226252997, 0.6186087131500244, 0.6119213264379928, 0.6167712585249944, 0.6083980282740806, 0.6142872527464113, 0.613199609429089, 0.6048636712245087, 0.5989644358407206, 0.6002142980917177, 0.5995475632041248, 0.5903255281163685, 0.5905212840037559, 0.5852925777435303, 0.58819939040426, 0.5861329427405969, 0.5779198461504125, 0.5718640435987444, 0.5770371280499359, 0.5773756868803679, 0.5669578936562609, 0.5670191352047137, 0.5734464890921294, 0.5646338800885784]
5.vall_loss_epoch = [0.6959906649589539, 0.6915230894088745, 0.6864341592788696, 0.6807257032394409, 0.6869011640548706, 0.6838604068756103, 0.6809294128417969, 0.6888393044471741, 0.6739573383331299, 0.6718186688423157, 0.6765941715240479, 0.6780655646324157, 0.6741009211540222, 0.676422028541565, 0.6812640070915222, 0.6646430110931396, 0.6847609806060792, 0.6635815882682801, 0.6432497644424439, 0.6319892144203186, 0.6258352422714233, 0.6306414318084717, 0.6236296987533569, 0.6458180403709411, 0.6347061324119568, 0.6329252433776855, 0.6320550990104675, 0.6184052133560181, 0.6197629070281983, 0.6245332050323487, 0.6165218067169189, 0.6211825656890869, 0.6383766508102418, 0.60895348072052, 0.6070155811309814, 0.6024199640750885, 0.6241967940330505, 0.624179458618164, 0.6079399108886718, 0.6242563104629517, 0.6277599096298218, 0.6021165323257446, 0.6029299640655518, 0.6044505739212036, 0.6328308486938476, 0.6006559038162231, 0.6120779538154602, 0.6104433059692382, 0.5864166164398193, 0.5833453845977783]
Figure name: 
C:\Users\Flori\Documents\GitHub\figs\2019_1_5_RUNEXPERIMENT_FigureLOSS&ACC01934.png
 NONE 