Floris Fok 
2018/12/9      At: 23:43:23
 
 
 The params where: 
1.Data = ISIC
2.img_size_x = 224
3.img_size_y = 224
4.norm = False
5.color = True
6.pretrain = None
7.equal_data = False
8.shuffle = True
9.epochs = 50
10.val_size = 300
11.test_size = 400
12.Batch_size = 16 
 
 
 The results where: 
1.score = 0.7169150619679078
2.acc_epoch = [0.33343091334894615, 0.4148126463700234, 0.46252927400468385, 0.48009367681498827, 0.502927400468384, 0.5111241217798594, 0.5169789227166276, 0.5254683840749415, 0.5322014051522248, 0.5401053864168618, 0.5521077283372365, 0.5538641686182669, 0.5600117096018735, 0.5679156908665105, 0.5740632318501171, 0.5714285714285714, 0.5784543325526932, 0.5881147540983607, 0.5857728337236534, 0.582552693208431, 0.5954332552693209, 0.5939695550351288, 0.6007025761124122, 0.5963114754098361, 0.602751756440281, 0.6012880562060889, 0.6103629976580797, 0.6112412177985949, 0.6159250585480094, 0.6132903981264637, 0.6159250585480094, 0.6232435597189696, 0.6194379391100703, 0.6226580796252927, 0.6203161592505855, 0.625, 0.6285128805620609, 0.6305620608899297, 0.6261709601873536, 0.6320257611241218, 0.6326112412177985, 0.6323185011709602, 0.6355386416861827, 0.6358313817330211, 0.6405152224824356, 0.6355386416861827, 0.6419789227166276, 0.6460772833723654, 0.6405152224824356, 0.6443208430913349]
3.val_acc_epoch = [0.39, 0.48999999920527143, 0.5433333333333333, 0.5400000007947287, 0.5566666674613953, 0.5599999992052714, 0.5633333325386047, 0.5833333341280619, 0.5900000007947286, 0.5866666674613953, 0.5900000007947286, 0.5933333341280619, 0.5533333325386047, 0.5833333325386048, 0.5266666662693024, 0.5533333333333333, 0.5833333325386048, 0.5933333341280619, 0.5733333325386047, 0.5733333325386047, 0.54, 0.5733333333333334, 0.57, 0.5533333333333333, 0.5899999992052714, 0.5833333333333334, 0.6033333325386048, 0.5300000003973643, 0.5733333333333334, 0.5999999992052714, 0.57, 0.5733333333333334, 0.6033333325386048, 0.5766666666666667, 0.5866666666666667, 0.5966666658719381, 0.59, 0.5966666666666667, 0.5866666666666667, 0.59, 0.5866666666666667, 0.6, 0.5799999996026357, 0.573333332935969, 0.6033333333333334, 0.6133333333333333, 0.6033333333333334, 0.5966666674613953, 0.6033333333333334, 0.576666665871938]
4.loss_epoch = [1.0973352285961357, 1.0714617065858505, 1.0609193378645028, 1.0553906661844366, 1.0506004287710793, 1.0465332090994235, 1.0424724404091579, 1.0394533330997762, 1.0358390459132139, 1.0329608317002201, 1.0294817683289146, 1.0264977219512368, 1.0228355651158638, 1.0201822689601354, 1.0167105278868307, 1.0140103760591994, 1.011134805249386, 1.0072171397734024, 1.005228206201236, 1.0018896767629673, 0.9988287329952946, 0.996322115355409, 0.9919201231952015, 0.989187015303404, 0.986897215631025, 0.9839997902966215, 0.98038306839293, 0.9777552532926377, 0.9741062286028538, 0.9724629471117775, 0.9683016828965806, 0.9653806792489259, 0.9624775317290348, 0.959446133020611, 0.9568281060638696, 0.9534570203452813, 0.9505508589521225, 0.9465536674794325, 0.9447648653660222, 0.9414115257788039, 0.9394244765230308, 0.934886915203559, 0.9330073818389928, 0.9299133766172083, 0.9256637921377981, 0.925091845927808, 0.919960587309451, 0.9172140299855127, 0.9153663296889365, 0.9123317098170868]
5.vall_loss_epoch = [1.0796717770894368, 1.0621471166610719, 1.0572603336970012, 1.0523944679896038, 1.0495089594523113, 1.046617423693339, 1.048701163927714, 1.0422760995229086, 1.0398666159311931, 1.036352146466573, 1.03658091545105, 1.034441598256429, 1.0279445409774781, 1.0265589221318563, 1.0276212898890178, 1.0209474484125773, 1.0221101172765097, 1.0228905749320985, 1.0135927470525106, 1.011372930208842, 1.0287508376439412, 1.0066021839777628, 1.0036493523915608, 1.005357403755188, 1.0026886510848998, 0.9986363728841146, 0.998967752456665, 1.0015811904271443, 0.9902274020512899, 0.9914584302902222, 0.9845976972579956, 0.9815821282068888, 0.9849319887161255, 0.9792021290461222, 0.9749904918670654, 0.9848152987162272, 0.9716570329666138, 0.9664517339070638, 0.965323805809021, 0.9628324397404988, 0.9631305503845214, 0.9648464679718017, 0.9672842200597127, 0.9705298948287964, 0.9499507157007853, 0.9483029492696127, 0.9483630212148031, 0.9646163113911946, 0.9401610898971557, 0.9658656160036723]
6.data_name = three
7.method = kaggleDR
8.style = FT
Figure name: 
C:\Users\Flori\Documents\GitHub\t2018_12_9_RUNEXPERIMENT_FigureACC02343.png
C:\Users\Flori\Documents\GitHub\t2018_12_9_RUNEXPERIMENT_FigureLOSS&ACC02343.png