Floris Fok 
2018/12/11      At: 17:17:45
 
 
 The params where: 
1.Data = ISIC
2.RandomSeed = 1
3.img_size_x = 224
4.img_size_y = 224
5.norm = False
6.color = True
7.pretrain = None
8.equal_data = False
9.shuffle = True
10.epochs = 50
11.val_size = 200
12.test_size = 300
13.Batch_size = 16 
 
 
 The results where: 
1.score = 0.8960321660229748
2.acc_epoch = [0.35757743362831856, 0.37168141592920356, 0.367533185840708, 0.3810840707964602, 0.3938053097345133, 0.39242256637168144, 0.4004424778761062, 0.4092920353982301, 0.42173672566371684, 0.435287610619469, 0.4435840707964602, 0.45353982300884954, 0.4704092920353982, 0.478429203539823, 0.48783185840707965, 0.49751106194690264, 0.5005530973451328, 0.5129977876106194, 0.5273783185840708, 0.5436946902654868, 0.5542035398230089, 0.5694137168141593, 0.578816371681416, 0.5912610619469026, 0.6031526548672567, 0.6128318584070797, 0.6214048672566371, 0.6283185840707964, 0.6335730088495575, 0.639933628318584, 0.6457411504424779, 0.6493362831858407, 0.6507190265486725, 0.6556969026548672, 0.6598451327433629, 0.6650995575221239, 0.6717367256637168, 0.6698008849557522, 0.6783738938053098, 0.6800331858407079, 0.682245575221239, 0.6855641592920354, 0.6897123893805309, 0.6916482300884956, 0.6963495575221239, 0.6977323008849557, 0.7016039823008849, 0.703816371681416, 0.7032632743362832, 0.7101769911504425]
3.val_acc_epoch = [0.36, 0.365, 0.36, 0.385, 0.385, 0.385, 0.39, 0.395, 0.41, 0.41, 0.42, 0.425, 0.46, 0.475, 0.485, 0.49, 0.5, 0.505, 0.52, 0.53, 0.545, 0.56, 0.59, 0.595, 0.61, 0.62, 0.625, 0.63, 0.635, 0.64, 0.64, 0.64, 0.625, 0.635, 0.625, 0.61, 0.625, 0.63, 0.625, 0.635, 0.63, 0.635, 0.63, 0.625, 0.635, 0.635, 0.63, 0.64, 0.645, 0.635]
4.loss_epoch = [1.0988726953489591, 1.098716141903295, 1.0985586390031123, 1.0983931733443675, 1.098220451743202, 1.0980352252985524, 1.097832273592991, 1.0976070661460404, 1.0973491985186012, 1.0970485199869207, 1.09668934081508, 1.0962591445551508, 1.0957360025000784, 1.0950941448718046, 1.0943076294080345, 1.0933732717438083, 1.092264171722716, 1.0909503376589411, 1.089385465710564, 1.0874525393004966, 1.085093368998671, 1.0821335299880104, 1.078576542107405, 1.07461217546885, 1.0702686330913442, 1.065502698970052, 1.060450269585162, 1.0551517236549242, 1.049641046376355, 1.0439533063795714, 1.0379753439827304, 1.0317571363617888, 1.0250627227061617, 1.0179140686461357, 1.010124079949033, 1.0018257147970453, 0.9925982907282568, 0.9831002246489567, 0.972660006675045, 0.9616172361162911, 0.9500852654465531, 0.9379157961997311, 0.9250040819159652, 0.911464800349379, 0.8974008111827141, 0.8826479289384015, 0.8675703532927859, 0.8519556728084531, 0.8354381879346561, 0.8184359516717691]
5.vall_loss_epoch = [1.0989546823501586, 1.0988444709777831, 1.0987309980392457, 1.0986085844039917, 1.0984777927398681, 1.0983371257781982, 1.098178071975708, 1.0979948711395264, 1.0977822637557983, 1.0975158882141114, 1.0971764373779296, 1.0967427015304565, 1.0962034416198732, 1.0955002546310424, 1.0946558952331542, 1.0936662197113036, 1.0925765705108643, 1.0913559913635253, 1.089924554824829, 1.088179168701172, 1.0859020566940307, 1.0826361989974975, 1.0785612201690673, 1.073899850845337, 1.0687109422683716, 1.062988896369934, 1.0571864032745362, 1.0516689109802246, 1.0461973190307616, 1.040762643814087, 1.0351638793945312, 1.0297889184951783, 1.0251479625701905, 1.017468147277832, 1.0115704584121703, 1.004499182701111, 0.9985753107070923, 0.9880822253227234, 0.9795397758483887, 0.9752119779586792, 0.9616440439224243, 0.9544514608383179, 0.9463821506500244, 0.9309548163414001, 0.9224098658561707, 0.909245662689209, 0.8998509263992309, 0.8871730637550354, 0.8775793647766114, 0.8706599688529968]
6.data_name = three
7.method = imagenet
8.style = FT
Figure name: 
C:\Users\Flori\Documents\GitHub\t2018_12_11_RUNEXPERIMENT_FigureACC01717.png
C:\Users\Flori\Documents\GitHub\t2018_12_11_RUNEXPERIMENT_FigureLOSS&ACC01717.png