Floris Fok 
2018/12/9      At: 19:37:59
 
 
 The params where: 
1.Data = ISIC
2.img_size_x = 224
3.img_size_y = 224
4.norm = False
5.color = True
6.pretrain = None
7.equal_data = False
8.shuffle = True
9.epochs = 50
10.val_size = 300
11.test_size = 400
12.Batch_size = 16 
 
 
 The results where: 
1.score = 0.7797086185711779
2.acc_epoch = [0.4838551858516589, 0.49608610567514677, 0.5146771038348428, 0.5288649706457925, 0.5415851272015656, 0.5572407046176217, 0.5636007826622218, 0.5772994128575297, 0.5865949118207345, 0.5870841487279843, 0.5978473581213307, 0.6125244618395304, 0.61741682986224, 0.6242661448724116, 0.6149706456759204, 0.6154598825831703, 0.6330724069866882, 0.640410958845788, 0.6301369863013698, 0.6281800392555864, 0.6340508807428662, 0.648238747553816, 0.6433463797643927, 0.6477495106465663, 0.6511741682391344, 0.6462818005080325, 0.6575342464586993, 0.6516634052047058, 0.654598825773381, 0.6550880625056661, 0.6687866926426523, 0.6687866927009739, 0.6756360077694671, 0.670743639805079, 0.6795499020359987, 0.673679060665362, 0.6834637964191735, 0.6868884540117417, 0.6898238746387385, 0.6878669277095981, 0.6898238746387385, 0.6927592954406999, 0.6927592954990215, 0.7000978472414782, 0.7084148726817913, 0.7098825830536113, 0.7123287670066445, 0.7201565558896372, 0.7304305283757339, 0.7377690801181905]
3.val_acc_epoch = [0.5233333325386047, 0.5533333325386047, 0.55, 0.5766666666666667, 0.5866666666666667, 0.6033333333333334, 0.6066666666666667, 0.6099999992052714, 0.6099999992052714, 0.6133333325386048, 0.6166666658719381, 0.6233333325386048, 0.6199999992052714, 0.6233333333333333, 0.6233333333333333, 0.63, 0.6166666666666667, 0.6166666666666667, 0.62, 0.63, 0.6233333333333333, 0.63, 0.62, 0.6233333333333333, 0.63, 0.6333333333333333, 0.63, 0.6333333333333333, 0.64, 0.6333333333333333, 0.64, 0.6433333333333333, 0.6333333333333333, 0.6266666674613952, 0.6500000007947286, 0.6566666674613952, 0.663333334128062, 0.6600000007947286, 0.663333334128062, 0.6566666674613952, 0.6666666674613952, 0.6766666674613953, 0.7033333333333334, 0.71, 0.7066666666666667, 0.7133333333333334, 0.7166666666666667, 0.7166666666666667, 0.72, 0.7366666666666667]
4.loss_epoch = [0.6931301228220915, 0.6930826727424816, 0.6930343190284625, 0.6929859088591633, 0.6929392783142583, 0.6928923175526225, 0.6928451449670437, 0.6927974449211838, 0.6927473730537056, 0.692702772449374, 0.6926494320078139, 0.6925986955077215, 0.6925477198891911, 0.6924933343250924, 0.6924367999610602, 0.6923758605688285, 0.6923152452112411, 0.6922519407626934, 0.6921879302732166, 0.6921180718798927, 0.6920470715502237, 0.6919681485851683, 0.6918867582677628, 0.6917971726033085, 0.6917037080878614, 0.6916004482314078, 0.6914920052203647, 0.6913717944328099, 0.6912427093184857, 0.6910965679443046, 0.690936999778225, 0.6907571116772183, 0.6905483554487359, 0.6903064722184332, 0.6900192742944931, 0.6896605477641007, 0.6892187216277225, 0.6886736661953935, 0.6879957864195867, 0.6871244178359522, 0.6860403509522605, 0.6847312946142282, 0.6831999621745891, 0.6813938063651381, 0.6793431973270707, 0.6771244360042878, 0.6747492632287356, 0.6722124736836278, 0.6695184189746058, 0.6666207350863402]
5.vall_loss_epoch = [0.6930145255724589, 0.692978233496348, 0.6929410211245219, 0.6929050548871358, 0.6928655600547791, 0.6928285789489746, 0.6927928376197815, 0.6927540055910746, 0.6927126057942709, 0.6926664058367411, 0.692620890935262, 0.6925749333699545, 0.6925270660718282, 0.6924750804901123, 0.6924184600512187, 0.6923579947153727, 0.6923008068402609, 0.6922404607137044, 0.6921759661038717, 0.6921068318684895, 0.6920307858784993, 0.6919552739461263, 0.6918724695841472, 0.6917841633160909, 0.6916848429044088, 0.6915762400627137, 0.691459461847941, 0.691332126458486, 0.6911899081865946, 0.6910312501589457, 0.6908630442619323, 0.6906763998667399, 0.6904675038655599, 0.6902270642916362, 0.6899380397796631, 0.6895881183942159, 0.6891653037071228, 0.6886320249239604, 0.6879200704892476, 0.6869777297973633, 0.685781565507253, 0.684355103969574, 0.682680009206136, 0.6807646171251933, 0.6786856134732564, 0.6763885370890299, 0.6738446307182312, 0.6712114429473877, 0.668755054473877, 0.6655564308166504]
6.data_name = two_combined
7.method = imagenet
8.style = FT
Figure name: 
C:\Users\Flori\Documents\GitHub\t2018_12_9_RUNEXPERIMENT_FigureACC01937.png
C:\Users\Flori\Documents\GitHub\t2018_12_9_RUNEXPERIMENT_FigureLOSS&ACC01937.png