Floris Fok 
2018/12/9      At: 18:27:40
 
 
 The params where: 
1.Data = ISIC
2.img_size_x = 224
3.img_size_y = 224
4.norm = False
5.color = True
6.pretrain = None
7.equal_data = False
8.shuffle = True
9.epochs = 50
10.val_size = 300
11.test_size = 400
12.Batch_size = 16 
 
 
 The results where: 
1.score = 0.40745699307745387
2.acc_epoch = [0.327576112412178, 0.32991803278688525, 0.32991803278688525, 0.32991803278688525, 0.32991803278688525, 0.32991803278688525, 0.32991803278688525, 0.32991803278688525, 0.32991803278688525, 0.32991803278688525, 0.32991803278688525, 0.32991803278688525, 0.32991803278688525, 0.32991803278688525, 0.32991803278688525, 0.32991803278688525, 0.32991803278688525, 0.32991803278688525, 0.32991803278688525, 0.32991803278688525, 0.32991803278688525, 0.32991803278688525, 0.32991803278688525, 0.32991803278688525, 0.32991803278688525, 0.32991803278688525, 0.32991803278688525, 0.32991803278688525, 0.32991803278688525, 0.32991803278688525, 0.32991803278688525, 0.32991803278688525, 0.32991803278688525, 0.32991803278688525, 0.32991803278688525, 0.32991803278688525]
3.val_acc_epoch = [0.36666666666666664, 0.36666666666666664, 0.36666666666666664, 0.36666666666666664, 0.36666666666666664, 0.36666666666666664, 0.36666666666666664, 0.36666666666666664, 0.36666666666666664, 0.36666666666666664, 0.36666666666666664, 0.36666666666666664, 0.36666666666666664, 0.36666666666666664, 0.36666666666666664, 0.36666666666666664, 0.36666666666666664, 0.36666666666666664, 0.36666666666666664, 0.36666666666666664, 0.36666666666666664, 0.36666666666666664, 0.36666666666666664, 0.36666666666666664, 0.36666666666666664, 0.36666666666666664, 0.36666666666666664, 0.36666666666666664, 0.36666666666666664, 0.36666666666666664, 0.36666666666666664, 0.36666666666666664, 0.36666666666666664, 0.36666666666666664, 0.36666666666666664, 0.36666666666666664]
4.loss_epoch = [1.1277578105971182, 1.1205931578084511, 1.1189190537365594, 1.1174536047272157, 1.1161240691044292, 1.1148981752105285, 1.1137699447136014, 1.1127292978679826, 1.1117627095841134, 1.110873748602856, 1.1100474774697904, 1.1092880981029896, 1.10858275292908, 1.1079244038539413, 1.1073129676823315, 1.1067474904607555, 1.1062204220814225, 1.1057300824471323, 1.1052766600034833, 1.104848529192547, 1.104448857296267, 1.1040784938553179, 1.1037334664364888, 1.1034118693662192, 1.1031096900095705, 1.1028318695497177, 1.1025681054564214, 1.102324367407055, 1.1020979579773664, 1.1018862110111138, 1.101686450022445, 1.1014989622862055, 1.1013266035209495, 1.1011579394061337, 1.1010021778124557, 1.1008575548891162]
5.vall_loss_epoch = [1.1027912282943726, 1.101750011444092, 1.1009032694498697, 1.1001650492350261, 1.0995098622639974, 1.098927903175354, 1.0984118143717447, 1.0979507271448772, 1.0975460926691691, 1.0971860074996949, 1.0968716287612914, 1.096594468752543, 1.0963520256678263, 1.096140637397766, 1.095958669980367, 1.0958016538619995, 1.0956663449605306, 1.0955538813273111, 1.095460108121236, 1.095383087793986, 1.095320865313212, 1.0952741670608521, 1.0952390050888061, 1.0952170133590697, 1.0952038558324177, 1.095200047492981, 1.0952051814397177, 1.0952167828877768, 1.0952351427078246, 1.0952585744857788, 1.0952877600987752, 1.095322651863098, 1.0953633753458658, 1.0954060252507527, 1.0954516649246215, 1.0955022954940796]
6.data_name = three
7.method = kaggleDR
8.style = FT
Figure name: 
C:\Users\Flori\Documents\GitHub\t2018_12_9_RUNEXPERIMENT_FigureACC01827.png
C:\Users\Flori\Documents\GitHub\t2018_12_9_RUNEXPERIMENT_FigureLOSS&ACC01827.png