Floris Fok 
2018/12/11      At: 16:39:57
 
 
 The params where: 
1.Data = ISIC
2.RandomSeed = 1
3.img_size_x = 224
4.img_size_y = 224
5.norm = False
6.color = True
7.pretrain = None
8.equal_data = False
9.shuffle = True
10.epochs = 50
11.val_size = 200
12.test_size = 300
13.Batch_size = 16 
 
 
 The results where: 
1.score = 0.9232465256349036
2.acc_epoch = [0.49019607843137253, 0.5089126559714795, 0.5196078431372549, 0.5329768270944741, 0.5490196078431373, 0.5641711229946524, 0.5793226381461676, 0.5864527629233511, 0.6007130124777184, 0.6149732620320856, 0.6131907308377896, 0.6203208556149733, 0.6270053475935828, 0.6314616755793226, 0.642602495543672, 0.6550802139037433, 0.6639928698752228, 0.6760249554367201, 0.6858288770053476, 0.6974153297682709, 0.7098930481283422, 0.7245989304812834, 0.732620320855615, 0.7491087344028521, 0.7575757575757576, 0.768270944741533, 0.7754010695187166, 0.783868092691622, 0.7945632798573975, 0.801693404634581, 0.8119429590017825, 0.8186274509803921, 0.8257575757575758, 0.8337789661319073, 0.8409090909090909, 0.8507130124777184, 0.8551693404634582, 0.8640819964349377, 0.8689839572192514, 0.8783422459893048, 0.8832442067736186, 0.8877005347593583, 0.8961675579322638, 0.9037433155080213, 0.9090909090909091, 0.9135472370766489, 0.9211229946524064, 0.928698752228164, 0.9327094474153298, 0.9380570409982175]
3.val_acc_epoch = [0.475, 0.485, 0.525, 0.53, 0.535, 0.545, 0.565, 0.575, 0.575, 0.59, 0.585, 0.59, 0.595, 0.595, 0.6, 0.62, 0.655, 0.65, 0.67, 0.715, 0.73, 0.73, 0.74, 0.75, 0.755, 0.775, 0.805, 0.81, 0.805, 0.845, 0.855, 0.835, 0.855, 0.855, 0.85, 0.84, 0.825, 0.85, 0.825, 0.835, 0.84, 0.85, 0.845, 0.845, 0.85, 0.85, 0.855, 0.86, 0.845, 0.86]
4.loss_epoch = [0.6934217235833778, 0.6932756150682555, 0.6931227454102188, 0.6929666335144995, 0.6927940860364101, 0.6925999426586743, 0.6923715265039454, 0.6921054278890504, 0.691784482907484, 0.6914036323892454, 0.6909515177714846, 0.690414697303704, 0.6898061715982815, 0.6891076337419941, 0.6882835995279744, 0.6872891990896215, 0.6861058358840126, 0.6846827562905038, 0.6829747183650148, 0.6809160091022757, 0.6784894916888015, 0.6758630985457205, 0.6730338426409771, 0.6699699515114919, 0.6666682202123279, 0.6631636062832864, 0.6595248962468642, 0.6556918053703512, 0.6514812661152259, 0.647055403434019, 0.6421544940713892, 0.6370274519112871, 0.6315252298552297, 0.6258903104353716, 0.6198405061388611, 0.6132905187878804, 0.6061207972958339, 0.5989011709915338, 0.5909458987428118, 0.5824046362317608, 0.5731202023977052, 0.5630307694807409, 0.552414585349819, 0.5408095411438355, 0.5290791305203701, 0.5164635942156515, 0.5027334707093536, 0.48854589441030843, 0.4730996417276787, 0.45720014565768724]
5.vall_loss_epoch = [0.6931280040740967, 0.6929785633087158, 0.6928283739089965, 0.6926706838607788, 0.6924978828430176, 0.6922866296768189, 0.6920435810089112, 0.6917660689353943, 0.6914428091049194, 0.6910756754875184, 0.6906500840187073, 0.6901747560501099, 0.6896390295028687, 0.6890161752700805, 0.6882755327224731, 0.6873175811767578, 0.6860622453689575, 0.6844591331481934, 0.6823659372329712, 0.6795301628112793, 0.6766396355628967, 0.6736957502365112, 0.6707632899284363, 0.667603964805603, 0.664071307182312, 0.6605262160301208, 0.6564548468589783, 0.6521856641769409, 0.6478745937347412, 0.6427027010917663, 0.637653968334198, 0.632510781288147, 0.6274137687683106, 0.622299828529358, 0.6170862150192261, 0.6123786211013794, 0.6091060304641723, 0.6009400749206543, 0.5975507545471191, 0.5887753629684448, 0.5819077777862549, 0.5749327802658081, 0.5689536285400391, 0.5596445798873901, 0.5493330764770508, 0.5392165064811707, 0.5287054610252381, 0.5187532448768616, 0.5116059851646423, 0.5039084124565124]
6.data_name = two
7.method = imagenet
8.style = FT
Figure name: 
C:\Users\Flori\Documents\GitHub\t2018_12_11_RUNEXPERIMENT_FigureACC01639.png
C:\Users\Flori\Documents\GitHub\t2018_12_11_RUNEXPERIMENT_FigureLOSS&ACC01639.png