Floris Fok 
2018/12/9      At: 17:36:56
 
 
 The params where: 
1.Data = ISIC
2.img_size_x = 224
3.img_size_y = 224
4.norm = False
5.color = True
6.pretrain = None
7.equal_data = False
8.shuffle = True
9.epochs = 50
10.val_size = 300
11.test_size = 400
12.Batch_size = 16 
 
 
 The results where: 
1.score = 0.8199204980124504
2.acc_epoch = [0.5680039138360032, 0.6037181996086106, 0.648238747553816, 0.680528375617212, 0.6956947161260183, 0.728473581096664, 0.7392367906066536, 0.7460861057917899, 0.7588062622309197, 0.7783757337385427, 0.7818003912727893, 0.7842465753424658, 0.7852250488070359, 0.7989236791773086, 0.8043052838739817, 0.8018590996876621, 0.8209393347546079, 0.8321917809385609, 0.8140900196861147, 0.8258317024273881, 0.8248532289044964, 0.8400195694716243, 0.8429549902152642, 0.8542074365158604, 0.8498043052837574, 0.8458904109589042, 0.8595890409792473, 0.8669275928383471, 0.8586105675146771, 0.8586105676313203, 0.8639921720947071, 0.8635029353041005, 0.8791585126035134, 0.8679060664195604, 0.8835616438356164, 0.8757338553025531, 0.8874755382771128, 0.8850293542074364, 0.8884540117416829, 0.8894324854395395, 0.8860078279052929, 0.899706457925636, 0.8992172211350293, 0.9021526419953124, 0.8972602739726028, 0.8977495108798526, 0.9036203523671323, 0.8953033268101761, 0.9031311154598826, 0.9094911937377691]
3.val_acc_epoch = [0.5333333325386047, 0.6166666674613953, 0.5900000007947286, 0.65, 0.6533333325386047, 0.6566666674613952, 0.6533333341280619, 0.6566666658719381, 0.6633333333333333, 0.6600000007947286, 0.6700000007947285, 0.6599999992052714, 0.6666666658719381, 0.6766666674613953, 0.6866666674613953, 0.693333334128062, 0.6833333333333333, 0.7133333341280619, 0.7133333341280619, 0.696666665871938, 0.7133333341280619, 0.7166666674613953, 0.703333334128062, 0.7133333341280619, 0.706666665871938, 0.7066666674613953, 0.7033333325386047, 0.7100000007947286, 0.6966666674613953, 0.7233333341280619, 0.7133333333333334, 0.7133333341280619, 0.683333334128062, 0.7133333341280619, 0.7100000007947286, 0.683333334128062, 0.7366666674613953, 0.7233333325386048, 0.7199999992052714, 0.7433333341280619, 0.7466666674613953, 0.7299999992052714, 0.7400000007947286, 0.7266666674613953, 0.7466666674613953, 0.7300000007947286, 0.7266666674613953, 0.5666666666666667, 0.7500000007947286, 0.7266666674613953]
4.loss_epoch = [0.6883356584028255, 0.6622082367101993, 0.6416985208274334, 0.6232702094048204, 0.6108013827740096, 0.5983011521938496, 0.5914443215745303, 0.5853273192030576, 0.5762026355457865, 0.5663725443315599, 0.5626013546073974, 0.56025606242178, 0.55293894671414, 0.5465638108566082, 0.5441596120770896, 0.539148988380824, 0.5329172437438293, 0.5234567924255028, 0.526668627201461, 0.5192046136305524, 0.5177842373950607, 0.5084170979646321, 0.5080979485101196, 0.5004527360609133, 0.4974499269590919, 0.49723107759966545, 0.4883309283135222, 0.4851297080633458, 0.4824065556731476, 0.4797598814661022, 0.47414696228247566, 0.4737369464218267, 0.46439005682379764, 0.4622184199712981, 0.45766192610483114, 0.4574660079703172, 0.4491410709757161, 0.4472262398020862, 0.44069307511799954, 0.43499890138958297, 0.4363772810788537, 0.4309105023362632, 0.4254211651019154, 0.4209750025239709, 0.4218787749802763, 0.4155307963869576, 0.4115076650028826, 0.4120147188582299, 0.40829342253754053, 0.4021605068340227]
5.vall_loss_epoch = [0.687200292746226, 0.6549085895220439, 0.6566896724700928, 0.6391938400268554, 0.630114176273346, 0.6276672983169556, 0.6294294746716818, 0.617235430876414, 0.6143795545895895, 0.6309934838612874, 0.6093895276387532, 0.6068952790896098, 0.6058921972910564, 0.6119429604212443, 0.5991079147656758, 0.5952115925153096, 0.6124556064605713, 0.5934040458997091, 0.5918605430920919, 0.6020902069409688, 0.5895553437868754, 0.5862783471743266, 0.5910584886868795, 0.5888319913546244, 0.5919291933377584, 0.5816343347231547, 0.6008854047457377, 0.5742669224739074, 0.6048998554547628, 0.574433114528656, 0.5823902098337809, 0.5762194625536601, 0.5923413674036662, 0.5685711884498597, 0.5660083945592245, 0.5914185404777527, 0.5631875936190287, 0.5840082653363545, 0.5670107452074686, 0.5627727739016215, 0.5606540815035502, 0.5656049990653992, 0.5577866919835408, 0.5503098924954732, 0.5525602507591247, 0.5512891697883606, 0.5496334560712178, 0.7035935219128927, 0.5448046414057414, 0.5478235737482706]
6.data_name = two
7.method = kaggleDR
8.style = FT
Figure name: 
C:\Users\Flori\Documents\GitHub\t2018_12_9_RUNEXPERIMENT_FigureACC01736.png
C:\Users\Flori\Documents\GitHub\t2018_12_9_RUNEXPERIMENT_FigureLOSS&ACC01736.png