Floris Fok 
2018/12/9      At: 16:56:16
 
 
 The params where: 
1.Data = ISIC
2.img_size_x = 224
3.img_size_y = 224
4.norm = False
5.color = True
6.pretrain = None
7.equal_data = False
8.shuffle = True
9.epochs = 50
10.val_size = 300
11.test_size = 400
12.Batch_size = 16 
 
 
 The results where: 
1.score = 0.9179479449301577
2.acc_epoch = [0.5107632092767033, 0.5127201564391298, 0.5132093932297365, 0.512720156555773, 0.5136986301369864, 0.5136986301369864, 0.5136986301369864, 0.514187866927593, 0.5181017612524462, 0.5190802347753379, 0.5283757339135075, 0.5352250490403222, 0.547945205479452, 0.5577299413499067, 0.5792563600782779, 0.6017612525628271, 0.6208414872798435, 0.6448140899029263, 0.6653620351667273, 0.6819960862223183, 0.7084148729150775, 0.7206457924469576, 0.7402152641878669, 0.7504892369072498, 0.7612524463005962, 0.7754403132281892, 0.7832681017612525, 0.7925636006661357, 0.8018590999209484, 0.8136007827788649, 0.8184931505682884, 0.8233855187076412, 0.8331702545197742, 0.8409980431694807, 0.8454011740516543, 0.8493150686097938, 0.8551859100970737, 0.8635029354207436, 0.8654598826998134, 0.8786692759295499, 0.8864970645792564, 0.892857142973786, 0.8977495106465663, 0.9031311153432394, 0.9109589042262322, 0.9163405086896191, 0.9236790605487188, 0.9285714285714286, 0.9329745596868885, 0.9373776908023483]
3.val_acc_epoch = [0.48666666746139525, 0.48666666746139525, 0.48333333412806195, 0.48333333412806195, 0.48333333412806195, 0.48333333412806195, 0.48333333412806195, 0.48666666746139525, 0.4900000007947286, 0.4933333341280619, 0.49666666746139526, 0.5066666674613952, 0.5133333341280619, 0.543333334128062, 0.5600000007947286, 0.58, 0.5966666674613953, 0.6233333341280619, 0.6400000007947286, 0.6566666658719381, 0.6800000007947286, 0.693333334128062, 0.703333334128062, 0.7133333341280619, 0.7333333333333333, 0.7366666666666667, 0.7566666666666667, 0.7666666674613952, 0.7666666666666667, 0.7833333341280619, 0.7833333341280619, 0.7866666674613952, 0.793333334128062, 0.7966666674613953, 0.8066666674613953, 0.7966666674613953, 0.8000000007947285, 0.8066666674613953, 0.81, 0.81, 0.813333334128062, 0.8200000007947286, 0.8133333333333334, 0.8066666666666666, 0.806666665871938, 0.8100000007947286, 0.8100000007947286, 0.7999999992052714, 0.8300000007947286, 0.8300000007947286]
4.loss_epoch = [0.6933138716944043, 0.6930959463819366, 0.6928520524571786, 0.692557841131132, 0.6922045727998544, 0.6917708019221133, 0.6912738032303678, 0.6907134383858533, 0.6900895312574279, 0.6894032805866458, 0.6886456086211008, 0.6877927612185245, 0.6868328904685675, 0.6857468130070636, 0.6845246241983836, 0.6831633628231205, 0.6816435192662442, 0.6798950577202142, 0.6778942646345747, 0.675544301707684, 0.6728296891117282, 0.6698046858529989, 0.6664990026890182, 0.6629215260774423, 0.6591244895164281, 0.6551693403790841, 0.6509775125117218, 0.6466366012968896, 0.6419970783935368, 0.6372363338731739, 0.6319958795073448, 0.6265440733698716, 0.6208222298472829, 0.6147808049989539, 0.6084370278332332, 0.601583397901688, 0.5945608457240573, 0.5867366078081896, 0.5787759531734041, 0.569918771079375, 0.5605635615011018, 0.5507883814449647, 0.5403333839371713, 0.5288079224687267, 0.5167521807545552, 0.5044945663901924, 0.49104715874983607, 0.4765047618787583, 0.46288928844457505, 0.44781981335694077]
5.vall_loss_epoch = [0.6937091231346131, 0.6935887598991394, 0.6934550952911377, 0.6932984185218811, 0.6930931035677592, 0.6928192170461019, 0.6924711124102274, 0.6920578765869141, 0.6915727353096008, 0.6910205356280009, 0.6903967801729838, 0.6896945317586263, 0.68887806336085, 0.6879164544741313, 0.6868129603068034, 0.6855623340606689, 0.6840839314460755, 0.6824083574612936, 0.6803997127215068, 0.6778840533892314, 0.6750306375821431, 0.6717680811882019, 0.6685122529665629, 0.6651122291882833, 0.6614882556597391, 0.6581707278887431, 0.6544522507985433, 0.6508396657307943, 0.646764075756073, 0.6427961277961731, 0.6388356335957845, 0.6340817697842915, 0.6289744385083517, 0.6239234471321106, 0.6188765621185303, 0.6143498063087464, 0.6079348683357239, 0.6018040585517883, 0.596977690855662, 0.5917250188191732, 0.5829695773124695, 0.5754853105545044, 0.5687982710202535, 0.5631815441449484, 0.5590237339337667, 0.5473318672180176, 0.5380028088887533, 0.5437268185615539, 0.5207312273979187, 0.513910083770752]
6.data_name = two
7.method = imagenet
8.style = FT
Figure name: 
C:\Users\Flori\Documents\GitHub\t2018_12_9_RUNEXPERIMENT_FigureACC01656.png
C:\Users\Flori\Documents\GitHub\t2018_12_9_RUNEXPERIMENT_FigureLOSS&ACC01656.png