Floris Fok 
2018/12/8      At: 22:54:46
 
 
 The params where: 
1.Data = kaggleDR
2.img_size_x = 224
3.img_size_y = 224
4.norm = False
5.color = True
6.pretrain = None
7.equal_data = False
8.shuffle = True
9.epochs = 50
10.val_size = 3000
11.test_size = 5000
12.Batch_size = 32 
 
 
 The results where: 
1.score = 0.6507100081874971
2.acc_epoch = [0.7335397773310032, 0.7343139423255608, 0.7343139423387448, 0.7343139423211662, 0.7343139423475341, 0.734313942360718, 0.7343139423299555, 0.7343139423475341, 0.7343508073479027, 0.7342770773207975, 0.7343139423387448, 0.7343508073215348, 0.734535132336562, 0.7344614023402194, 0.7343876723614553, 0.7343508073391134, 0.7347931873523266, 0.7349037823666165, 0.7341296173456908, 0.7353092973486983, 0.735051242368091, 0.7343876723482714, 0.7353830273582249, 0.7356042173516475, 0.7363046523806251, 0.7364889773692844, 0.736820762350629, 0.7368576273773656, 0.7370419523616302, 0.7390695274038792, 0.738221632373427, 0.7392538523749599, 0.7401386124189647, 0.7438619774561984]
3.val_acc_epoch = [0.7273333333333334, 0.7273333333333334, 0.7273333333333334, 0.7273333333333334, 0.7273333333333334, 0.7273333333333334, 0.7273333333333334, 0.7273333333333334, 0.727, 0.7273333333333334, 0.7273333333333334, 0.7260000001589457, 0.7283333333333334, 0.7273333333333334, 0.7273333333333334, 0.7276666666666667, 0.7276666666666667, 0.7283333333333334, 0.7253333333333334, 0.7273333333333334, 0.7280000001589457, 0.7286666666666667, 0.728, 0.7283333333333334, 0.7113333333333334, 0.712, 0.7266666666666667, 0.7276666666666667, 0.7163333333333334, 0.7203333331743876, 0.7180000001589457, 0.7273333333333334, 0.7243333333333334, 0.725333333492279]
4.loss_epoch = [0.8932706168388218, 0.8774192325091332, 0.8698084641591045, 0.864099359262713, 0.8593863456604149, 0.8565296963816379, 0.8536421729933326, 0.8491749812752801, 0.8467995105903866, 0.843300027103012, 0.841895701219346, 0.8384096467335879, 0.8360506284819639, 0.8341486107667604, 0.8310574897972346, 0.8278165423464899, 0.824588995841913, 0.8222694733295259, 0.8207437666628131, 0.8154852687411627, 0.8122919269967974, 0.8089933055942937, 0.8053015363802647, 0.8030385103345594, 0.7961672744172289, 0.7953532460093946, 0.7898189006570359, 0.7858592166640823, 0.7795530506566607, 0.7744776429147713, 0.7692651101457046, 0.762138231976813, 0.756525231046697, 0.7467216472002395]
5.vall_loss_epoch = [0.890006284236908, 0.8986904482841491, 0.885457138856252, 0.8924210472106934, 0.8837565167744954, 0.8713244449297587, 0.9142241349220276, 0.8764053471883138, 0.8966796221733093, 0.8827845273017884, 0.8873640290896098, 0.8820563624699911, 0.8699665746688843, 0.8616868971188864, 0.8610349446932475, 0.8614164023399353, 0.8659236702919006, 0.8606314155260721, 0.8702036671638489, 0.8671243977546692, 0.8543365573883057, 0.8662361454963684, 0.8476917848587037, 0.8458705724080403, 0.8801037872632345, 0.8842371697425843, 0.8719655698140463, 0.8591054760615031, 0.8722105851173401, 0.8821617806752523, 0.8834940738677979, 0.8724089271227519, 0.8654767028490702, 0.8656560618082683]
Figure name: 
C:\Users\Flori\Documents\GitHub\t2018_12_8_RUNEXPERIMENT_FigureACC02254.png
C:\Users\Flori\Documents\GitHub\t2018_12_8_RUNEXPERIMENT_FigureLOSS&ACC02254.png