Floris Fok 
2018/12/9      At: 18:6:47
 
 
 The params where: 
1.Data = ISIC
2.img_size_x = 224
3.img_size_y = 224
4.norm = False
5.color = True
6.pretrain = None
7.equal_data = False
8.shuffle = True
9.epochs = 50
10.val_size = 300
11.test_size = 400
12.Batch_size = 16 
 
 
 The results where: 
1.score = 0.7918473518666916
2.acc_epoch = [0.3331381733021077, 0.3588992974238876, 0.38085480093676816, 0.3943208430913349, 0.40866510538641687, 0.41656908665105385, 0.42915690866510536, 0.4338407494145199, 0.43618266978922715, 0.4417447306791569, 0.44379391100702575, 0.4537470725995316, 0.4622365339578454, 0.4721896955503513, 0.484192037470726, 0.5298594847775175, 0.5670374707259953, 0.5802107728337237, 0.5889929742388759, 0.5954332552693209, 0.6012880562060889, 0.6018735362997658, 0.6018735362997658, 0.5980679156908665, 0.6007025761124122, 0.6024590163934426, 0.6083138173302107, 0.610655737704918, 0.615632318501171, 0.6255854800936768, 0.6290983606557377, 0.6361241217798594, 0.6402224824355972, 0.6378805620608899, 0.6463700234192038, 0.6454918032786885, 0.6484192037470726, 0.6513466042154566, 0.6516393442622951, 0.6545667447306791, 0.6536885245901639, 0.6542740046838408, 0.6586651053864169, 0.6610070257611241, 0.6621779859484778, 0.6653981264637002, 0.6656908665105387, 0.6648126463700235, 0.6648126463700235, 0.6651053864168618]
3.val_acc_epoch = [0.3566666662693024, 0.3799999996026357, 0.39333333293596906, 0.39, 0.39666666666666667, 0.4, 0.39666666666666667, 0.3933333333333333, 0.4033333333333333, 0.4066666666666667, 0.42333333293596903, 0.4266666662693024, 0.4266666662693024, 0.4533333333333333, 0.45666666666666667, 0.5233333333333333, 0.5733333325386047, 0.566666665871938, 0.5599999992052714, 0.576666665871938, 0.5766666666666667, 0.5800000007947286, 0.59, 0.5899999992052714, 0.5866666666666667, 0.5966666666666667, 0.5966666658719381, 0.6, 0.6033333333333334, 0.6233333325386048, 0.6133333325386048, 0.6133333325386048, 0.6166666658719381, 0.6099999992052714, 0.6133333325386048, 0.6233333341280619, 0.6066666658719381, 0.6166666674613953, 0.6033333325386048, 0.6200000007947286, 0.6133333341280619, 0.6266666674613952, 0.6099999992052714, 0.6166666658719381, 0.6133333341280619, 0.6200000007947286, 0.6166666674613953, 0.6200000007947286, 0.6166666674613953, 0.6133333341280619]
4.loss_epoch = [1.0985798534241438, 1.098382969371608, 1.0981787406867785, 1.0979671003667755, 1.0977410929543632, 1.0974998312197468, 1.0972277651905176, 1.0969087675527889, 1.0965319324712284, 1.0960750585417558, 1.095501555771124, 1.0947430097526354, 1.0936727836483815, 1.0920424157060002, 1.08954917547016, 1.0860516712313792, 1.0818894300304476, 1.0775099953667062, 1.073076707138669, 1.0685377017675575, 1.063956567498504, 1.0593178330874833, 1.0545334430712447, 1.049606640947507, 1.0443595002909176, 1.0388854996102754, 1.0330001006919272, 1.0267796865391787, 1.0199655358629427, 1.0124222760457344, 1.0041376025671143, 0.9955046911150287, 0.9865298008751255, 0.9770745080863006, 0.9667525386363617, 0.9561699154226228, 0.944627264344441, 0.9328847365580342, 0.9203228838829023, 0.9072200852758153, 0.8932583276226035, 0.8788818737941269, 0.864180115402722, 0.8489269103322711, 0.8337236190568089, 0.8178379474255743, 0.8025713984525176, 0.7871187038946487, 0.7712888804196752, 0.7561977212546301]
5.vall_loss_epoch = [1.0985881312688193, 1.0984397808710733, 1.0982820494969685, 1.0981063350041707, 1.0979069646199544, 1.0976859124501546, 1.0974259694417319, 1.0971132405598958, 1.096730907758077, 1.096238702138265, 1.095559687614441, 1.09461497147878, 1.0932336886723837, 1.0911124118169149, 1.0881128517786662, 1.0844923051198323, 1.0806294425328573, 1.076783332824707, 1.072859330177307, 1.0689674711227417, 1.0650700902938843, 1.060969713528951, 1.057260799407959, 1.0526690912246703, 1.0486776161193847, 1.0436638243993124, 1.038455384572347, 1.0332734282811482, 1.0275189224878947, 1.0217677609125773, 1.016330567995707, 1.0076363515853881, 0.9988299043973287, 0.9931347052256266, 0.9850420180956523, 0.9746107188860575, 0.9692447733879089, 0.9574876205126445, 0.953128133614858, 0.9389082113901774, 0.9296685981750489, 0.9145468910535176, 0.9087224769592285, 0.9023654651641846, 0.8886671455701193, 0.8797411147753398, 0.8644826316833496, 0.8513535284996032, 0.8577193681399028, 0.842226935227712]
6.data_name = three
7.method = imagenet
8.style = FT
Figure name: 
C:\Users\Flori\Documents\GitHub\t2018_12_9_RUNEXPERIMENT_FigureACC0186.png
C:\Users\Flori\Documents\GitHub\t2018_12_9_RUNEXPERIMENT_FigureLOSS&ACC0186.png