Floris Fok 
2018/12/11      At: 16:18:37
 
 
 The params where: 
1.Data = ISIC
2.RandomSeed = 1
3.img_size_x = 224
4.img_size_y = 224
5.norm = False
6.color = True
7.pretrain = None
8.equal_data = False
9.shuffle = True
10.epochs = 50
11.val_size = 200
12.test_size = 300
13.Batch_size = 16 
 
 
 The results where: 
1.score = 0.8657155948308958
2.acc_epoch = [0.4674688057040998, 0.4786096256684492, 0.4942067736185383, 0.5111408199643493, 0.5262923351158645, 0.5320855614973262, 0.5418894830659536, 0.5476827094474154, 0.5597147950089126, 0.5637254901960784, 0.5641711229946524, 0.5659536541889483, 0.5690730837789661, 0.5699643493761141, 0.56951871657754, 0.5704099821746881, 0.5753119429590018, 0.5770944741532977, 0.5753119429590018, 0.5779857397504456, 0.5851158645276292, 0.5877896613190731, 0.588680926916221, 0.589126559714795, 0.5940285204991087, 0.5998217468805704, 0.6114081996434938, 0.6136363636363636, 0.6229946524064172, 0.6229946524064172, 0.6314616755793226, 0.6368092691622104, 0.6439393939393939, 0.6417112299465241, 0.6403743315508021, 0.6470588235294118, 0.6497326203208557, 0.6537433155080213, 0.6564171122994652, 0.6599821746880571, 0.6631016042780749, 0.6644385026737968, 0.6688948306595366, 0.6688948306595366, 0.6737967914438503, 0.6760249554367201, 0.6836007130124777, 0.6880570409982175, 0.6893939393939394, 0.6925133689839572]
3.val_acc_epoch = [0.515, 0.55, 0.555, 0.545, 0.57, 0.55, 0.555, 0.575, 0.565, 0.56, 0.565, 0.56, 0.56, 0.56, 0.56, 0.555, 0.56, 0.555, 0.55, 0.54, 0.54, 0.54, 0.54, 0.54, 0.555, 0.565, 0.575, 0.585, 0.6, 0.615, 0.61, 0.615, 0.625, 0.625, 0.645, 0.64, 0.635, 0.64, 0.64, 0.645, 0.66, 0.66, 0.67, 0.675, 0.68, 0.685, 0.685, 0.685, 0.69, 0.69]
4.loss_epoch = [0.6932568318491101, 0.6931862382752798, 0.6931172647578193, 0.6930496955087904, 0.6929847852006528, 0.6929177551558523, 0.6928508574949866, 0.6927843685668632, 0.6927187720084573, 0.6926488013616008, 0.6925760581956615, 0.6925058014252606, 0.6924282552511721, 0.6923514522758185, 0.6922683163335192, 0.6921796105974711, 0.6920898376089154, 0.6919977675572223, 0.6918947129326071, 0.6917867420403928, 0.6916695476215791, 0.691543491341426, 0.6914078581566904, 0.6912657409215781, 0.6911159267187543, 0.6909504812244001, 0.6907752138195615, 0.6905830568383297, 0.6903703129865268, 0.690140004676506, 0.6898958317523759, 0.6896367777477611, 0.6893681713816529, 0.6890799175821736, 0.6887793980817744, 0.6884614580880299, 0.6881300852685476, 0.6877862703778952, 0.687424553269371, 0.6870504290449853, 0.6866589833495876, 0.68625016412208, 0.6858110988841337, 0.6853567773008091, 0.6848810033577224, 0.6843725549133491, 0.6838336244836423, 0.6832699322020519, 0.682683183335153, 0.6820521826412589]
5.vall_loss_epoch = [0.6928400087356568, 0.692807731628418, 0.6927758073806762, 0.6927373743057251, 0.6927034473419189, 0.6926683568954468, 0.6926318383216858, 0.6925947332382202, 0.6925465250015259, 0.6925097990036011, 0.6924565458297729, 0.6924133920669555, 0.6923508667945861, 0.6922918701171875, 0.6922322082519531, 0.6921567702293396, 0.692081561088562, 0.6920010709762573, 0.691908323764801, 0.691813530921936, 0.6917009115219116, 0.6915806150436401, 0.691428632736206, 0.6912892055511475, 0.6911402058601379, 0.6909751152992248, 0.6907601690292359, 0.6905408477783204, 0.6903033947944641, 0.6900659132003785, 0.6897955799102783, 0.6895268535614014, 0.6892389440536499, 0.6889265251159667, 0.6886151051521301, 0.6883158159255981, 0.6879821443557739, 0.6876510524749756, 0.6872952032089233, 0.6869351506233216, 0.6865140271186828, 0.686111855506897, 0.6856772708892822, 0.6852002048492432, 0.6847134876251221, 0.6842495393753052, 0.6837373185157776, 0.6832173204421997, 0.6826802730560303, 0.6821180057525634]
6.data_name = two_combined
7.method = imagenet
8.style = FT
Figure name: 
C:\Users\Flori\Documents\GitHub\t2018_12_11_RUNEXPERIMENT_FigureACC01618.png
C:\Users\Flori\Documents\GitHub\t2018_12_11_RUNEXPERIMENT_FigureLOSS&ACC01618.png