Floris Fok 
2018/12/9      At: 18:56:33
 
 
 The params where: 
1.Data = ISIC
2.img_size_x = 224
3.img_size_y = 224
4.norm = False
5.color = True
6.pretrain = None
7.equal_data = False
8.shuffle = True
9.epochs = 50
10.val_size = 300
11.test_size = 400
12.Batch_size = 16 
 
 
 The results where: 
1.score = 0.8042934660298566
2.acc_epoch = [0.5684931508015747, 0.6223091977683065, 0.6369863012532199, 0.6545988258317026, 0.678082191780822, 0.6839530332097802, 0.7010763209393346, 0.7000978474747644, 0.7074363993338643, 0.7167318981221044, 0.737279843444227, 0.7318982388641969, 0.7446183953033269, 0.7539138942665317, 0.7607632095099895, 0.7651663406254494, 0.7651663406254494, 0.7651663406254494, 0.7710371821127292, 0.7744618394136895, 0.7832681018778956, 0.7808219178082192, 0.7891389432485323, 0.7989236789440223, 0.8047945204313021, 0.7906066537369953, 0.8101761253612615, 0.8170254403131115, 0.8136007828955081, 0.8126223090810085, 0.8199608610567515, 0.8312133072407045, 0.8268101761252447, 0.8331702545197742, 0.8361056752634142, 0.8365949118207345, 0.8331702544031311, 0.841487279726801, 0.8429549900986211, 0.8429549900986211, 0.8498043052837574, 0.8468688845401174, 0.855675146654394, 0.8488258315859009, 0.8542074365158604, 0.857142857026214, 0.8556751467710372, 0.8600782777698539, 0.8537181997252538, 0.8625244617228872]
3.val_acc_epoch = [0.5933333337306976, 0.61, 0.5966666670640309, 0.6133333333333333, 0.6333333333333333, 0.64, 0.6433333325386047, 0.6566666666666666, 0.6599999992052714, 0.6266666658719381, 0.6466666662693024, 0.6433333325386047, 0.6366666658719381, 0.6699999996026357, 0.6666666662693024, 0.67, 0.6599999996026357, 0.6666666658719381, 0.6766666662693024, 0.6533333325386047, 0.6466666658719381, 0.6599999996026357, 0.6466666666666666, 0.6599999992052714, 0.6733333329359691, 0.6366666666666667, 0.6666666666666666, 0.6733333329359691, 0.6166666666666667, 0.6666666666666666, 0.683333332935969, 0.6699999996026357, 0.6866666662693024, 0.6999999996026357, 0.6766666666666666, 0.6533333333333333, 0.68, 0.6833333333333333, 0.6699999996026357, 0.6799999996026357, 0.6900000003973643, 0.6733333333333333, 0.6866666662693024, 0.686666665871938, 0.6733333329359691, 0.6799999996026357, 0.64, 0.6966666662693024, 0.683333332935969, 0.683333332935969]
4.loss_epoch = [0.686317855481299, 0.6634011546226397, 0.6540653719594101, 0.6480016354945308, 0.6408825295078778, 0.6355371078633049, 0.6302377481283273, 0.6270167218729008, 0.6222516903671966, 0.6193967319281367, 0.614980367181819, 0.6120296708525044, 0.6084989735058376, 0.6046383006465411, 0.601439184871905, 0.5986149407879481, 0.5960075624301708, 0.5930605388434199, 0.5907405067796576, 0.5883872581321432, 0.5858117851725763, 0.5836275838125942, 0.5793823686131293, 0.576449445549056, 0.5746375584788985, 0.5731210951235897, 0.5680626258691464, 0.5650568300030703, 0.5621476613145518, 0.5608991229370849, 0.5583689122983854, 0.5539763154582268, 0.552099015731401, 0.548343745113119, 0.5439358907669725, 0.5412774616141609, 0.5388347066778493, 0.5389890982213552, 0.5351101001414768, 0.5298072485774464, 0.5290511410297013, 0.5251992672623487, 0.5200027055936317, 0.520534047525223, 0.5160783920619353, 0.5135879041863981, 0.5120646370367061, 0.5094473387630485, 0.5075404385647895, 0.5022463656218318]
5.vall_loss_epoch = [0.6763292940457662, 0.6697219594319661, 0.662887802918752, 0.6633900157610575, 0.6570552579561869, 0.652153201897939, 0.6517275714874268, 0.6501588972409567, 0.6489322598775228, 0.6550225067138672, 0.6459244600931804, 0.6462680053710937, 0.6473912533124287, 0.6421920482317607, 0.6408077629407247, 0.641929935614268, 0.6414101719856262, 0.6412971965471903, 0.6375577966372172, 0.6398167093594869, 0.6426105030377706, 0.6347979807853699, 0.636104097366333, 0.6381594920158387, 0.6321168303489685, 0.6436952869097392, 0.6290469169616699, 0.6303534563382467, 0.649402027130127, 0.6323225855827331, 0.6262168606122335, 0.6260479124387105, 0.623615890343984, 0.6205693157513936, 0.6264480551083883, 0.6238226278622945, 0.6204354190826415, 0.6177084771792094, 0.6268395932515463, 0.6227784975369771, 0.61363702694575, 0.6163322599728902, 0.6148022810618082, 0.6191423535346985, 0.617036943435669, 0.613522183895111, 0.6331057167053222, 0.603058032989502, 0.6095764764149983, 0.6059735647837321]
6.data_name = two_combined
7.method = kaggleDR
8.style = FT
Figure name: 
C:\Users\Flori\Documents\GitHub\t2018_12_9_RUNEXPERIMENT_FigureACC01856.png
C:\Users\Flori\Documents\GitHub\t2018_12_9_RUNEXPERIMENT_FigureLOSS&ACC01856.png